/*--------------------------------*- C++ -*----------------------------------*\
| =========                 |                                                 |
| \\      /  F ield         | OpenFOAM: The Open Source CFD Toolbox           |
|  \\    /   O peration     | Version:  3.0.0                                 |
|   \\  /    A nd           | Web:      www.OpenFOAM.org                      |
|    \\/     M anipulation  |                                                 |
\*---------------------------------------------------------------------------*/
FoamFile
{
    version     2.0;
    format      ascii;
    class       volScalarField;
    location    "0.0002";
    object      cSound;
}
// * * * * * * * * * * * * * * * * * * * * * * * * * * * * * * * * * * * * * //

dimensions      [0 1 -1 0 0 0 0];

internalField   nonuniform List<scalar> 
1000
(
348.906
348.906
348.906
348.906
348.906
348.906
348.906
348.906
348.906
348.906
348.906
348.906
348.906
348.906
348.906
348.906
348.906
348.906
348.906
348.906
348.905
348.901
348.887
348.845
348.714
348.312
346.956
344.25
342.74
341.06
339.257
337.331
335.311
333.22
331.075
328.891
326.678
324.444
322.197
319.944
317.689
315.439
313.202
310.986
308.804
306.675
304.629
302.715
300.993
299.54
298.416
297.657
297.265
297.194
297.302
297.51
297.881
298.651
299.376
300.999
302.595
305.247
308.449
312.597
317.344
322.811
328.646
334.741
340.745
346.47
351.697
356.282
360.15
363.286
365.734
367.578
368.914
369.831
370.406
370.674
370.456
369.12
363.469
344.096
323.267
313.035
312.132
312.07
312.064
312.063
312.063
312.063
312.063
312.063
312.063
312.063
312.063
312.063
312.063
312.063
348.906
348.906
348.906
348.906
348.906
348.906
348.906
348.906
348.906
348.906
348.906
348.906
348.906
348.906
348.906
348.906
348.906
348.906
348.906
348.906
348.905
348.901
348.887
348.845
348.714
348.312
346.956
344.25
342.74
341.06
339.257
337.331
335.311
333.22
331.075
328.891
326.678
324.444
322.197
319.944
317.689
315.439
313.202
310.986
308.804
306.675
304.629
302.715
300.993
299.54
298.416
297.657
297.265
297.194
297.302
297.51
297.881
298.651
299.376
300.999
302.595
305.247
308.449
312.597
317.344
322.811
328.646
334.741
340.745
346.47
351.697
356.282
360.15
363.286
365.734
367.578
368.914
369.831
370.406
370.674
370.456
369.12
363.469
344.096
323.267
313.035
312.132
312.07
312.064
312.063
312.063
312.063
312.063
312.063
312.063
312.063
312.063
312.063
312.063
312.063
348.906
348.906
348.906
348.906
348.906
348.906
348.906
348.906
348.906
348.906
348.906
348.906
348.906
348.906
348.906
348.906
348.906
348.906
348.906
348.906
348.905
348.901
348.887
348.845
348.714
348.312
346.956
344.25
342.74
341.06
339.257
337.331
335.311
333.22
331.075
328.891
326.678
324.444
322.197
319.944
317.689
315.439
313.202
310.986
308.804
306.675
304.629
302.715
300.993
299.54
298.416
297.657
297.265
297.194
297.302
297.51
297.881
298.651
299.376
300.999
302.595
305.247
308.449
312.597
317.344
322.811
328.646
334.741
340.745
346.47
351.697
356.282
360.15
363.286
365.734
367.578
368.914
369.831
370.406
370.674
370.456
369.12
363.469
344.096
323.267
313.035
312.132
312.07
312.064
312.063
312.063
312.063
312.063
312.063
312.063
312.063
312.063
312.063
312.063
312.063
348.906
348.906
348.906
348.906
348.906
348.906
348.906
348.906
348.906
348.906
348.906
348.906
348.906
348.906
348.906
348.906
348.906
348.906
348.906
348.906
348.905
348.901
348.887
348.845
348.714
348.312
346.956
344.25
342.74
341.06
339.257
337.331
335.311
333.22
331.075
328.891
326.678
324.444
322.197
319.944
317.689
315.439
313.202
310.986
308.804
306.675
304.629
302.715
300.993
299.54
298.416
297.657
297.265
297.194
297.302
297.51
297.881
298.651
299.376
300.999
302.595
305.247
308.449
312.597
317.344
322.811
328.646
334.741
340.745
346.47
351.697
356.282
360.15
363.286
365.734
367.578
368.914
369.831
370.406
370.674
370.456
369.12
363.469
344.096
323.267
313.035
312.132
312.07
312.064
312.063
312.063
312.063
312.063
312.063
312.063
312.063
312.063
312.063
312.063
312.063
348.906
348.906
348.906
348.906
348.906
348.906
348.906
348.906
348.906
348.906
348.906
348.906
348.906
348.906
348.906
348.906
348.906
348.906
348.906
348.906
348.905
348.901
348.887
348.845
348.714
348.312
346.956
344.25
342.74
341.06
339.257
337.331
335.311
333.22
331.075
328.891
326.678
324.444
322.197
319.944
317.689
315.439
313.202
310.986
308.804
306.675
304.629
302.715
300.993
299.54
298.416
297.657
297.265
297.194
297.302
297.51
297.881
298.651
299.376
300.999
302.595
305.247
308.449
312.597
317.344
322.811
328.646
334.741
340.745
346.47
351.697
356.282
360.15
363.286
365.734
367.578
368.914
369.831
370.406
370.674
370.456
369.12
363.469
344.096
323.267
313.035
312.132
312.07
312.064
312.063
312.063
312.063
312.063
312.063
312.063
312.063
312.063
312.063
312.063
312.063
348.906
348.906
348.906
348.906
348.906
348.906
348.906
348.906
348.906
348.906
348.906
348.906
348.906
348.906
348.906
348.906
348.906
348.906
348.906
348.906
348.905
348.901
348.887
348.845
348.714
348.312
346.956
344.25
342.74
341.06
339.257
337.331
335.311
333.22
331.075
328.891
326.678
324.444
322.197
319.944
317.689
315.439
313.202
310.986
308.804
306.675
304.629
302.715
300.993
299.54
298.416
297.657
297.265
297.194
297.302
297.51
297.881
298.651
299.376
300.999
302.595
305.247
308.449
312.597
317.344
322.811
328.646
334.741
340.745
346.47
351.697
356.282
360.15
363.286
365.734
367.578
368.914
369.831
370.406
370.674
370.456
369.12
363.469
344.096
323.267
313.035
312.132
312.07
312.064
312.063
312.063
312.063
312.063
312.063
312.063
312.063
312.063
312.063
312.063
312.063
348.906
348.906
348.906
348.906
348.906
348.906
348.906
348.906
348.906
348.906
348.906
348.906
348.906
348.906
348.906
348.906
348.906
348.906
348.906
348.906
348.905
348.901
348.887
348.845
348.714
348.312
346.956
344.25
342.74
341.06
339.257
337.331
335.311
333.22
331.075
328.891
326.678
324.444
322.197
319.944
317.689
315.439
313.202
310.986
308.804
306.675
304.629
302.715
300.993
299.54
298.416
297.657
297.265
297.194
297.302
297.51
297.881
298.651
299.376
300.999
302.595
305.247
308.449
312.597
317.344
322.811
328.646
334.741
340.745
346.47
351.697
356.282
360.15
363.286
365.734
367.578
368.914
369.831
370.406
370.674
370.456
369.12
363.469
344.096
323.267
313.035
312.132
312.07
312.064
312.063
312.063
312.063
312.063
312.063
312.063
312.063
312.063
312.063
312.063
312.063
348.906
348.906
348.906
348.906
348.906
348.906
348.906
348.906
348.906
348.906
348.906
348.906
348.906
348.906
348.906
348.906
348.906
348.906
348.906
348.906
348.905
348.901
348.887
348.845
348.714
348.312
346.956
344.25
342.74
341.06
339.257
337.331
335.311
333.22
331.075
328.891
326.678
324.444
322.197
319.944
317.689
315.439
313.202
310.986
308.804
306.675
304.629
302.715
300.993
299.54
298.416
297.657
297.265
297.194
297.302
297.51
297.881
298.651
299.376
300.999
302.595
305.247
308.449
312.597
317.344
322.811
328.646
334.741
340.745
346.47
351.697
356.282
360.15
363.286
365.734
367.578
368.914
369.831
370.406
370.674
370.456
369.12
363.469
344.096
323.267
313.035
312.132
312.07
312.064
312.063
312.063
312.063
312.063
312.063
312.063
312.063
312.063
312.063
312.063
312.063
348.906
348.906
348.906
348.906
348.906
348.906
348.906
348.906
348.906
348.906
348.906
348.906
348.906
348.906
348.906
348.906
348.906
348.906
348.906
348.906
348.905
348.901
348.887
348.845
348.714
348.312
346.956
344.25
342.74
341.06
339.257
337.331
335.311
333.22
331.075
328.891
326.678
324.444
322.197
319.944
317.689
315.439
313.202
310.986
308.804
306.675
304.629
302.715
300.993
299.54
298.416
297.657
297.265
297.194
297.302
297.51
297.881
298.651
299.376
300.999
302.595
305.247
308.449
312.597
317.344
322.811
328.646
334.741
340.745
346.47
351.697
356.282
360.15
363.286
365.734
367.578
368.914
369.831
370.406
370.674
370.456
369.12
363.469
344.096
323.267
313.035
312.132
312.07
312.064
312.063
312.063
312.063
312.063
312.063
312.063
312.063
312.063
312.063
312.063
312.063
348.906
348.906
348.906
348.906
348.906
348.906
348.906
348.906
348.906
348.906
348.906
348.906
348.906
348.906
348.906
348.906
348.906
348.906
348.906
348.906
348.905
348.901
348.887
348.845
348.714
348.312
346.956
344.25
342.74
341.06
339.257
337.331
335.311
333.22
331.075
328.891
326.678
324.444
322.197
319.944
317.689
315.439
313.202
310.986
308.804
306.675
304.629
302.715
300.993
299.54
298.416
297.657
297.265
297.194
297.302
297.51
297.881
298.651
299.376
300.999
302.595
305.247
308.449
312.597
317.344
322.811
328.646
334.741
340.745
346.47
351.697
356.282
360.15
363.286
365.734
367.578
368.914
369.831
370.406
370.674
370.456
369.12
363.469
344.096
323.267
313.035
312.132
312.07
312.064
312.063
312.063
312.063
312.063
312.063
312.063
312.063
312.063
312.063
312.063
312.063
)
;

boundaryField
{
    sides1
    {
        type            calculated;
        value           nonuniform List<scalar> 
20
(
312.063
312.063
312.063
312.063
312.063
312.063
312.063
312.063
312.063
312.063
348.906
348.906
348.906
348.906
348.906
348.906
348.906
348.906
348.906
348.906
)
;
    }
    sides2
    {
        type            calculated;
        value           nonuniform List<scalar> 
200
(
348.906
348.906
348.906
348.906
348.906
348.906
348.906
348.906
348.906
348.906
348.906
348.906
348.906
348.906
348.906
348.906
348.906
348.906
348.906
348.906
348.905
348.901
348.887
348.845
348.714
348.312
346.956
344.25
342.74
341.06
339.257
337.331
335.311
333.22
331.075
328.891
326.678
324.444
322.197
319.944
317.689
315.439
313.202
310.986
308.804
306.675
304.629
302.715
300.993
299.54
298.416
297.657
297.265
297.194
297.302
297.51
297.881
298.651
299.376
300.999
302.595
305.247
308.449
312.597
317.344
322.811
328.646
334.741
340.745
346.47
351.697
356.282
360.15
363.286
365.734
367.578
368.914
369.831
370.406
370.674
370.456
369.12
363.469
344.096
323.267
313.035
312.132
312.07
312.064
312.063
312.063
312.063
312.063
312.063
312.063
312.063
312.063
312.063
312.063
312.063
348.906
348.906
348.906
348.906
348.906
348.906
348.906
348.906
348.906
348.906
348.906
348.906
348.906
348.906
348.906
348.906
348.906
348.906
348.906
348.906
348.905
348.901
348.887
348.845
348.714
348.312
346.956
344.25
342.74
341.06
339.257
337.331
335.311
333.22
331.075
328.891
326.678
324.444
322.197
319.944
317.689
315.439
313.202
310.986
308.804
306.675
304.629
302.715
300.993
299.54
298.416
297.657
297.265
297.194
297.302
297.51
297.881
298.651
299.376
300.999
302.595
305.247
308.449
312.597
317.344
322.811
328.646
334.741
340.745
346.47
351.697
356.282
360.15
363.286
365.734
367.578
368.914
369.831
370.406
370.674
370.456
369.12
363.469
344.096
323.267
313.035
312.132
312.07
312.064
312.063
312.063
312.063
312.063
312.063
312.063
312.063
312.063
312.063
312.063
312.063
)
;
    }
    empty
    {
        type            empty;
    }
}


// ************************************************************************* //
