/*--------------------------------*- C++ -*----------------------------------*\
| =========                 |                                                 |
| \\      /  F ield         | OpenFOAM: The Open Source CFD Toolbox           |
|  \\    /   O peration     | Version:  3.0.0                                 |
|   \\  /    A nd           | Web:      www.OpenFOAM.org                      |
|    \\/     M anipulation  |                                                 |
\*---------------------------------------------------------------------------*/
FoamFile
{
    version     2.0;
    format      ascii;
    class       volScalarField;
    location    "0.0002";
    object      p;
}
// * * * * * * * * * * * * * * * * * * * * * * * * * * * * * * * * * * * * * //

dimensions      [1 -1 -2 0 0 0 0];

internalField   nonuniform List<scalar> 
1000
(
68970
68970
68970
68970
68970
68970
68970
68970
68970
68970
68970
68970
68970
68970
68970
68970
68970
68970
68969.8
68969.3
68967.6
68961.8
68942.5
68881.3
68693.8
68141.3
66561.7
63734.1
61624.7
59577.4
57418.6
55167.8
52869.7
50563.3
48277.9
46034.4
43847.2
41726.2
39678.2
37707.7
35817.9
34010.7
32287.7
30650.8
29102.7
27648.5
26297.4
25064
23970.2
23041.1
22298.6
21751.1
21387.4
21210.1
21138.8
21090.3
21013
21085.3
20958.2
21106.5
20922.1
20997.1
20938.3
20991.9
20959.7
20992.6
20984.8
21004.6
21008.1
21019.9
21034.2
21045.5
21053.4
21058.8
21064.3
21072.1
21078.6
21077.2
21057.4
20983.5
20710.8
19805.1
16407.3
10480.6
7816.19
7007.48
6908.16
6898.18
6897.12
6897.01
6897
6897
6897
6897
6897
6897
6897
6897
6897
6897
68970
68970
68970
68970
68970
68970
68970
68970
68970
68970
68970
68970
68970
68970
68970
68970
68970
68970
68969.8
68969.3
68967.6
68961.8
68942.5
68881.3
68693.8
68141.3
66561.7
63734.1
61624.7
59577.4
57418.6
55167.8
52869.7
50563.3
48277.9
46034.4
43847.2
41726.2
39678.2
37707.7
35817.9
34010.7
32287.7
30650.8
29102.7
27648.5
26297.4
25064
23970.2
23041.1
22298.6
21751.1
21387.4
21210.1
21138.8
21090.3
21013
21085.3
20958.2
21106.5
20922.1
20997.1
20938.3
20991.9
20959.7
20992.6
20984.8
21004.6
21008.1
21019.9
21034.2
21045.5
21053.4
21058.8
21064.3
21072.1
21078.6
21077.2
21057.4
20983.5
20710.8
19805.1
16407.3
10480.6
7816.19
7007.48
6908.16
6898.18
6897.12
6897.01
6897
6897
6897
6897
6897
6897
6897
6897
6897
6897
68970
68970
68970
68970
68970
68970
68970
68970
68970
68970
68970
68970
68970
68970
68970
68970
68970
68970
68969.8
68969.3
68967.6
68961.8
68942.5
68881.3
68693.8
68141.3
66561.7
63734.1
61624.7
59577.4
57418.6
55167.8
52869.7
50563.3
48277.9
46034.4
43847.2
41726.2
39678.2
37707.7
35817.9
34010.7
32287.7
30650.8
29102.7
27648.5
26297.4
25064
23970.2
23041.1
22298.6
21751.1
21387.4
21210.1
21138.8
21090.3
21013
21085.3
20958.2
21106.5
20922.1
20997.1
20938.3
20991.9
20959.7
20992.6
20984.8
21004.6
21008.1
21019.9
21034.2
21045.5
21053.4
21058.8
21064.3
21072.1
21078.6
21077.2
21057.4
20983.5
20710.8
19805.1
16407.3
10480.6
7816.19
7007.48
6908.16
6898.18
6897.12
6897.01
6897
6897
6897
6897
6897
6897
6897
6897
6897
6897
68970
68970
68970
68970
68970
68970
68970
68970
68970
68970
68970
68970
68970
68970
68970
68970
68970
68970
68969.8
68969.3
68967.6
68961.8
68942.5
68881.3
68693.8
68141.3
66561.7
63734.1
61624.7
59577.4
57418.6
55167.8
52869.7
50563.3
48277.9
46034.4
43847.2
41726.2
39678.2
37707.7
35817.9
34010.7
32287.7
30650.8
29102.7
27648.5
26297.4
25064
23970.2
23041.1
22298.6
21751.1
21387.4
21210.1
21138.8
21090.3
21013
21085.3
20958.2
21106.5
20922.1
20997.1
20938.3
20991.9
20959.7
20992.6
20984.8
21004.6
21008.1
21019.9
21034.2
21045.5
21053.4
21058.8
21064.3
21072.1
21078.6
21077.2
21057.4
20983.5
20710.8
19805.1
16407.3
10480.6
7816.19
7007.48
6908.16
6898.18
6897.12
6897.01
6897
6897
6897
6897
6897
6897
6897
6897
6897
6897
68970
68970
68970
68970
68970
68970
68970
68970
68970
68970
68970
68970
68970
68970
68970
68970
68970
68970
68969.8
68969.3
68967.6
68961.8
68942.5
68881.3
68693.8
68141.3
66561.7
63734.1
61624.7
59577.4
57418.6
55167.8
52869.7
50563.3
48277.9
46034.4
43847.2
41726.2
39678.2
37707.7
35817.9
34010.7
32287.7
30650.8
29102.7
27648.5
26297.4
25064
23970.2
23041.1
22298.6
21751.1
21387.4
21210.1
21138.8
21090.3
21013
21085.3
20958.2
21106.5
20922.1
20997.1
20938.3
20991.9
20959.7
20992.6
20984.8
21004.6
21008.1
21019.9
21034.2
21045.5
21053.4
21058.8
21064.3
21072.1
21078.6
21077.2
21057.4
20983.5
20710.8
19805.1
16407.3
10480.6
7816.19
7007.48
6908.16
6898.18
6897.12
6897.01
6897
6897
6897
6897
6897
6897
6897
6897
6897
6897
68970
68970
68970
68970
68970
68970
68970
68970
68970
68970
68970
68970
68970
68970
68970
68970
68970
68970
68969.8
68969.3
68967.6
68961.8
68942.5
68881.3
68693.8
68141.3
66561.7
63734.1
61624.7
59577.4
57418.6
55167.8
52869.7
50563.3
48277.9
46034.4
43847.2
41726.2
39678.2
37707.7
35817.9
34010.7
32287.7
30650.8
29102.7
27648.5
26297.4
25064
23970.2
23041.1
22298.6
21751.1
21387.4
21210.1
21138.8
21090.3
21013
21085.3
20958.2
21106.5
20922.1
20997.1
20938.3
20991.9
20959.7
20992.6
20984.8
21004.6
21008.1
21019.9
21034.2
21045.5
21053.4
21058.8
21064.3
21072.1
21078.6
21077.2
21057.4
20983.5
20710.8
19805.1
16407.3
10480.6
7816.19
7007.48
6908.16
6898.18
6897.12
6897.01
6897
6897
6897
6897
6897
6897
6897
6897
6897
6897
68970
68970
68970
68970
68970
68970
68970
68970
68970
68970
68970
68970
68970
68970
68970
68970
68970
68970
68969.8
68969.3
68967.6
68961.8
68942.5
68881.3
68693.8
68141.3
66561.7
63734.1
61624.7
59577.4
57418.6
55167.8
52869.7
50563.3
48277.9
46034.4
43847.2
41726.2
39678.2
37707.7
35817.9
34010.7
32287.7
30650.8
29102.7
27648.5
26297.4
25064
23970.2
23041.1
22298.6
21751.1
21387.4
21210.1
21138.8
21090.3
21013
21085.3
20958.2
21106.5
20922.1
20997.1
20938.3
20991.9
20959.7
20992.6
20984.8
21004.6
21008.1
21019.9
21034.2
21045.5
21053.4
21058.8
21064.3
21072.1
21078.6
21077.2
21057.4
20983.5
20710.8
19805.1
16407.3
10480.6
7816.19
7007.48
6908.16
6898.18
6897.12
6897.01
6897
6897
6897
6897
6897
6897
6897
6897
6897
6897
68970
68970
68970
68970
68970
68970
68970
68970
68970
68970
68970
68970
68970
68970
68970
68970
68970
68970
68969.8
68969.3
68967.6
68961.8
68942.5
68881.3
68693.8
68141.3
66561.7
63734.1
61624.7
59577.4
57418.6
55167.8
52869.7
50563.3
48277.9
46034.4
43847.2
41726.2
39678.2
37707.7
35817.9
34010.7
32287.7
30650.8
29102.7
27648.5
26297.4
25064
23970.2
23041.1
22298.6
21751.1
21387.4
21210.1
21138.8
21090.3
21013
21085.3
20958.2
21106.5
20922.1
20997.1
20938.3
20991.9
20959.7
20992.6
20984.8
21004.6
21008.1
21019.9
21034.2
21045.5
21053.4
21058.8
21064.3
21072.1
21078.6
21077.2
21057.4
20983.5
20710.8
19805.1
16407.3
10480.6
7816.19
7007.48
6908.16
6898.18
6897.12
6897.01
6897
6897
6897
6897
6897
6897
6897
6897
6897
6897
68970
68970
68970
68970
68970
68970
68970
68970
68970
68970
68970
68970
68970
68970
68970
68970
68970
68970
68969.8
68969.3
68967.6
68961.8
68942.5
68881.3
68693.8
68141.3
66561.7
63734.1
61624.7
59577.4
57418.6
55167.8
52869.7
50563.3
48277.9
46034.4
43847.2
41726.2
39678.2
37707.7
35817.9
34010.7
32287.7
30650.8
29102.7
27648.5
26297.4
25064
23970.2
23041.1
22298.6
21751.1
21387.4
21210.1
21138.8
21090.3
21013
21085.3
20958.2
21106.5
20922.1
20997.1
20938.3
20991.9
20959.7
20992.6
20984.8
21004.6
21008.1
21019.9
21034.2
21045.5
21053.4
21058.8
21064.3
21072.1
21078.6
21077.2
21057.4
20983.5
20710.8
19805.1
16407.3
10480.6
7816.19
7007.48
6908.16
6898.18
6897.12
6897.01
6897
6897
6897
6897
6897
6897
6897
6897
6897
6897
68970
68970
68970
68970
68970
68970
68970
68970
68970
68970
68970
68970
68970
68970
68970
68970
68970
68970
68969.8
68969.3
68967.6
68961.8
68942.5
68881.3
68693.8
68141.3
66561.7
63734.1
61624.7
59577.4
57418.6
55167.8
52869.7
50563.3
48277.9
46034.4
43847.2
41726.2
39678.2
37707.7
35817.9
34010.7
32287.7
30650.8
29102.7
27648.5
26297.4
25064
23970.2
23041.1
22298.6
21751.1
21387.4
21210.1
21138.8
21090.3
21013
21085.3
20958.2
21106.5
20922.1
20997.1
20938.3
20991.9
20959.7
20992.6
20984.8
21004.6
21008.1
21019.9
21034.2
21045.5
21053.4
21058.8
21064.3
21072.1
21078.6
21077.2
21057.4
20983.5
20710.8
19805.1
16407.3
10480.6
7816.19
7007.48
6908.16
6898.18
6897.12
6897.01
6897
6897
6897
6897
6897
6897
6897
6897
6897
6897
)
;

boundaryField
{
    sides1
    {
        type            zeroGradient;
    }
    sides2
    {
        type            slip;
    }
    empty
    {
        type            empty;
    }
}


// ************************************************************************* //
