/*--------------------------------*- C++ -*----------------------------------*\
| =========                 |                                                 |
| \\      /  F ield         | OpenFOAM: The Open Source CFD Toolbox           |
|  \\    /   O peration     | Version:  3.0.0                                 |
|   \\  /    A nd           | Web:      www.OpenFOAM.org                      |
|    \\/     M anipulation  |                                                 |
\*---------------------------------------------------------------------------*/
FoamFile
{
    version     2.0;
    format      ascii;
    class       volScalarField;
    location    "0.0002";
    object      rho;
}
// * * * * * * * * * * * * * * * * * * * * * * * * * * * * * * * * * * * * * //

dimensions      [1 -3 0 0 0 0 0];

internalField   nonuniform List<scalar> 
1000
(
0.831602
0.831602
0.831602
0.831602
0.831602
0.831602
0.831602
0.831602
0.831602
0.831602
0.831602
0.831602
0.831602
0.831602
0.831602
0.831602
0.831602
0.831602
0.831601
0.831596
0.831581
0.83153
0.831361
0.830826
0.829188
0.824418
0.811614
0.789401
0.770013
0.751783
0.732267
0.711618
0.690215
0.668416
0.6465
0.624672
0.603081
0.581838
0.561024
0.540701
0.520918
0.501715
0.483127
0.465194
0.447963
0.431507
0.41595
0.401474
0.38836
0.376935
0.367543
0.360349
0.355259
0.352482
0.351042
0.349747
0.347597
0.346997
0.343237
0.341947
0.335392
0.330772
0.323034
0.315323
0.305489
0.295694
0.285182
0.275149
0.265584
0.257024
0.249611
0.243358
0.238249
0.234213
0.231147
0.228919
0.227335
0.226194
0.22528
0.224165
0.221511
0.213361
0.182296
0.129927
0.109786
0.104966
0.104078
0.103969
0.103957
0.103956
0.103956
0.103956
0.103956
0.103956
0.103956
0.103956
0.103956
0.103956
0.103956
0.103956
0.831602
0.831602
0.831602
0.831602
0.831602
0.831602
0.831602
0.831602
0.831602
0.831602
0.831602
0.831602
0.831602
0.831602
0.831602
0.831602
0.831602
0.831602
0.831601
0.831596
0.831581
0.83153
0.831361
0.830826
0.829188
0.824418
0.811614
0.789401
0.770013
0.751783
0.732267
0.711618
0.690215
0.668416
0.6465
0.624672
0.603081
0.581838
0.561024
0.540701
0.520918
0.501715
0.483127
0.465194
0.447963
0.431507
0.41595
0.401474
0.38836
0.376935
0.367543
0.360349
0.355259
0.352482
0.351042
0.349747
0.347597
0.346997
0.343237
0.341947
0.335392
0.330772
0.323034
0.315323
0.305489
0.295694
0.285182
0.275149
0.265584
0.257024
0.249611
0.243358
0.238249
0.234213
0.231147
0.228919
0.227335
0.226194
0.22528
0.224165
0.221511
0.213361
0.182296
0.129927
0.109786
0.104966
0.104078
0.103969
0.103957
0.103956
0.103956
0.103956
0.103956
0.103956
0.103956
0.103956
0.103956
0.103956
0.103956
0.103956
0.831602
0.831602
0.831602
0.831602
0.831602
0.831602
0.831602
0.831602
0.831602
0.831602
0.831602
0.831602
0.831602
0.831602
0.831602
0.831602
0.831602
0.831602
0.831601
0.831596
0.831581
0.83153
0.831361
0.830826
0.829188
0.824418
0.811614
0.789401
0.770013
0.751783
0.732267
0.711618
0.690215
0.668416
0.6465
0.624672
0.603081
0.581838
0.561024
0.540701
0.520918
0.501715
0.483127
0.465194
0.447963
0.431507
0.41595
0.401474
0.38836
0.376935
0.367543
0.360349
0.355259
0.352482
0.351042
0.349747
0.347597
0.346997
0.343237
0.341947
0.335392
0.330772
0.323034
0.315323
0.305489
0.295694
0.285182
0.275149
0.265584
0.257024
0.249611
0.243358
0.238249
0.234213
0.231147
0.228919
0.227335
0.226194
0.22528
0.224165
0.221511
0.213361
0.182296
0.129927
0.109786
0.104966
0.104078
0.103969
0.103957
0.103956
0.103956
0.103956
0.103956
0.103956
0.103956
0.103956
0.103956
0.103956
0.103956
0.103956
0.831602
0.831602
0.831602
0.831602
0.831602
0.831602
0.831602
0.831602
0.831602
0.831602
0.831602
0.831602
0.831602
0.831602
0.831602
0.831602
0.831602
0.831602
0.831601
0.831596
0.831581
0.83153
0.831361
0.830826
0.829188
0.824418
0.811614
0.789401
0.770013
0.751783
0.732267
0.711618
0.690215
0.668416
0.6465
0.624672
0.603081
0.581838
0.561024
0.540701
0.520918
0.501715
0.483127
0.465194
0.447963
0.431507
0.41595
0.401474
0.38836
0.376935
0.367543
0.360349
0.355259
0.352482
0.351042
0.349747
0.347597
0.346997
0.343237
0.341947
0.335392
0.330772
0.323034
0.315323
0.305489
0.295694
0.285182
0.275149
0.265584
0.257024
0.249611
0.243358
0.238249
0.234213
0.231147
0.228919
0.227335
0.226194
0.22528
0.224165
0.221511
0.213361
0.182296
0.129927
0.109786
0.104966
0.104078
0.103969
0.103957
0.103956
0.103956
0.103956
0.103956
0.103956
0.103956
0.103956
0.103956
0.103956
0.103956
0.103956
0.831602
0.831602
0.831602
0.831602
0.831602
0.831602
0.831602
0.831602
0.831602
0.831602
0.831602
0.831602
0.831602
0.831602
0.831602
0.831602
0.831602
0.831602
0.831601
0.831596
0.831581
0.83153
0.831361
0.830826
0.829188
0.824418
0.811614
0.789401
0.770013
0.751783
0.732267
0.711618
0.690215
0.668416
0.6465
0.624672
0.603081
0.581838
0.561024
0.540701
0.520918
0.501715
0.483127
0.465194
0.447963
0.431507
0.41595
0.401474
0.38836
0.376935
0.367543
0.360349
0.355259
0.352482
0.351042
0.349747
0.347597
0.346997
0.343237
0.341947
0.335392
0.330772
0.323034
0.315323
0.305489
0.295694
0.285182
0.275149
0.265584
0.257024
0.249611
0.243358
0.238249
0.234213
0.231147
0.228919
0.227335
0.226194
0.22528
0.224165
0.221511
0.213361
0.182296
0.129927
0.109786
0.104966
0.104078
0.103969
0.103957
0.103956
0.103956
0.103956
0.103956
0.103956
0.103956
0.103956
0.103956
0.103956
0.103956
0.103956
0.831602
0.831602
0.831602
0.831602
0.831602
0.831602
0.831602
0.831602
0.831602
0.831602
0.831602
0.831602
0.831602
0.831602
0.831602
0.831602
0.831602
0.831602
0.831601
0.831596
0.831581
0.83153
0.831361
0.830826
0.829188
0.824418
0.811614
0.789401
0.770013
0.751783
0.732267
0.711618
0.690215
0.668416
0.6465
0.624672
0.603081
0.581838
0.561024
0.540701
0.520918
0.501715
0.483127
0.465194
0.447963
0.431507
0.41595
0.401474
0.38836
0.376935
0.367543
0.360349
0.355259
0.352482
0.351042
0.349747
0.347597
0.346997
0.343237
0.341947
0.335392
0.330772
0.323034
0.315323
0.305489
0.295694
0.285182
0.275149
0.265584
0.257024
0.249611
0.243358
0.238249
0.234213
0.231147
0.228919
0.227335
0.226194
0.22528
0.224165
0.221511
0.213361
0.182296
0.129927
0.109786
0.104966
0.104078
0.103969
0.103957
0.103956
0.103956
0.103956
0.103956
0.103956
0.103956
0.103956
0.103956
0.103956
0.103956
0.103956
0.831602
0.831602
0.831602
0.831602
0.831602
0.831602
0.831602
0.831602
0.831602
0.831602
0.831602
0.831602
0.831602
0.831602
0.831602
0.831602
0.831602
0.831602
0.831601
0.831596
0.831581
0.83153
0.831361
0.830826
0.829188
0.824418
0.811614
0.789401
0.770013
0.751783
0.732267
0.711618
0.690215
0.668416
0.6465
0.624672
0.603081
0.581838
0.561024
0.540701
0.520918
0.501715
0.483127
0.465194
0.447963
0.431507
0.41595
0.401474
0.38836
0.376935
0.367543
0.360349
0.355259
0.352482
0.351042
0.349747
0.347597
0.346997
0.343237
0.341947
0.335392
0.330772
0.323034
0.315323
0.305489
0.295694
0.285182
0.275149
0.265584
0.257024
0.249611
0.243358
0.238249
0.234213
0.231147
0.228919
0.227335
0.226194
0.22528
0.224165
0.221511
0.213361
0.182296
0.129927
0.109786
0.104966
0.104078
0.103969
0.103957
0.103956
0.103956
0.103956
0.103956
0.103956
0.103956
0.103956
0.103956
0.103956
0.103956
0.103956
0.831602
0.831602
0.831602
0.831602
0.831602
0.831602
0.831602
0.831602
0.831602
0.831602
0.831602
0.831602
0.831602
0.831602
0.831602
0.831602
0.831602
0.831602
0.831601
0.831596
0.831581
0.83153
0.831361
0.830826
0.829188
0.824418
0.811614
0.789401
0.770013
0.751783
0.732267
0.711618
0.690215
0.668416
0.6465
0.624672
0.603081
0.581838
0.561024
0.540701
0.520918
0.501715
0.483127
0.465194
0.447963
0.431507
0.41595
0.401474
0.38836
0.376935
0.367543
0.360349
0.355259
0.352482
0.351042
0.349747
0.347597
0.346997
0.343237
0.341947
0.335392
0.330772
0.323034
0.315323
0.305489
0.295694
0.285182
0.275149
0.265584
0.257024
0.249611
0.243358
0.238249
0.234213
0.231147
0.228919
0.227335
0.226194
0.22528
0.224165
0.221511
0.213361
0.182296
0.129927
0.109786
0.104966
0.104078
0.103969
0.103957
0.103956
0.103956
0.103956
0.103956
0.103956
0.103956
0.103956
0.103956
0.103956
0.103956
0.103956
0.831602
0.831602
0.831602
0.831602
0.831602
0.831602
0.831602
0.831602
0.831602
0.831602
0.831602
0.831602
0.831602
0.831602
0.831602
0.831602
0.831602
0.831602
0.831601
0.831596
0.831581
0.83153
0.831361
0.830826
0.829188
0.824418
0.811614
0.789401
0.770013
0.751783
0.732267
0.711618
0.690215
0.668416
0.6465
0.624672
0.603081
0.581838
0.561024
0.540701
0.520918
0.501715
0.483127
0.465194
0.447963
0.431507
0.41595
0.401474
0.38836
0.376935
0.367543
0.360349
0.355259
0.352482
0.351042
0.349747
0.347597
0.346997
0.343237
0.341947
0.335392
0.330772
0.323034
0.315323
0.305489
0.295694
0.285182
0.275149
0.265584
0.257024
0.249611
0.243358
0.238249
0.234213
0.231147
0.228919
0.227335
0.226194
0.22528
0.224165
0.221511
0.213361
0.182296
0.129927
0.109786
0.104966
0.104078
0.103969
0.103957
0.103956
0.103956
0.103956
0.103956
0.103956
0.103956
0.103956
0.103956
0.103956
0.103956
0.103956
0.831602
0.831602
0.831602
0.831602
0.831602
0.831602
0.831602
0.831602
0.831602
0.831602
0.831602
0.831602
0.831602
0.831602
0.831602
0.831602
0.831602
0.831602
0.831601
0.831596
0.831581
0.83153
0.831361
0.830826
0.829188
0.824418
0.811614
0.789401
0.770013
0.751783
0.732267
0.711618
0.690215
0.668416
0.6465
0.624672
0.603081
0.581838
0.561024
0.540701
0.520918
0.501715
0.483127
0.465194
0.447963
0.431507
0.41595
0.401474
0.38836
0.376935
0.367543
0.360349
0.355259
0.352482
0.351042
0.349747
0.347597
0.346997
0.343237
0.341947
0.335392
0.330772
0.323034
0.315323
0.305489
0.295694
0.285182
0.275149
0.265584
0.257024
0.249611
0.243358
0.238249
0.234213
0.231147
0.228919
0.227335
0.226194
0.22528
0.224165
0.221511
0.213361
0.182296
0.129927
0.109786
0.104966
0.104078
0.103969
0.103957
0.103956
0.103956
0.103956
0.103956
0.103956
0.103956
0.103956
0.103956
0.103956
0.103956
0.103956
)
;

boundaryField
{
    sides1
    {
        type            calculated;
        value           nonuniform List<scalar> 
20
(
0.103956
0.103956
0.103956
0.103956
0.103956
0.103956
0.103956
0.103956
0.103956
0.103956
0.831602
0.831602
0.831602
0.831602
0.831602
0.831602
0.831602
0.831602
0.831602
0.831602
)
;
    }
    sides2
    {
        type            calculated;
        value           nonuniform List<scalar> 
200
(
0.831602
0.831602
0.831602
0.831602
0.831602
0.831602
0.831602
0.831602
0.831602
0.831602
0.831602
0.831602
0.831602
0.831602
0.831602
0.831602
0.831602
0.831602
0.831601
0.831596
0.831581
0.83153
0.831361
0.830826
0.829188
0.824418
0.811614
0.789401
0.770013
0.751783
0.732267
0.711618
0.690215
0.668416
0.6465
0.624672
0.603081
0.581838
0.561024
0.540701
0.520918
0.501715
0.483127
0.465194
0.447963
0.431507
0.41595
0.401474
0.38836
0.376935
0.367543
0.360349
0.355259
0.352482
0.351042
0.349747
0.347597
0.346997
0.343237
0.341947
0.335392
0.330772
0.323034
0.315323
0.305489
0.295694
0.285182
0.275149
0.265584
0.257024
0.249611
0.243358
0.238249
0.234213
0.231147
0.228919
0.227335
0.226194
0.22528
0.224165
0.221511
0.213361
0.182296
0.129927
0.109786
0.104966
0.104078
0.103969
0.103957
0.103956
0.103956
0.103956
0.103956
0.103956
0.103956
0.103956
0.103956
0.103956
0.103956
0.103956
0.831602
0.831602
0.831602
0.831602
0.831602
0.831602
0.831602
0.831602
0.831602
0.831602
0.831602
0.831602
0.831602
0.831602
0.831602
0.831602
0.831602
0.831602
0.831601
0.831596
0.831581
0.83153
0.831361
0.830826
0.829188
0.824418
0.811614
0.789401
0.770013
0.751783
0.732267
0.711618
0.690215
0.668416
0.6465
0.624672
0.603081
0.581838
0.561024
0.540701
0.520918
0.501715
0.483127
0.465194
0.447963
0.431507
0.41595
0.401474
0.38836
0.376935
0.367543
0.360349
0.355259
0.352482
0.351042
0.349747
0.347597
0.346997
0.343237
0.341947
0.335392
0.330772
0.323034
0.315323
0.305489
0.295694
0.285182
0.275149
0.265584
0.257024
0.249611
0.243358
0.238249
0.234213
0.231147
0.228919
0.227335
0.226194
0.22528
0.224165
0.221511
0.213361
0.182296
0.129927
0.109786
0.104966
0.104078
0.103969
0.103957
0.103956
0.103956
0.103956
0.103956
0.103956
0.103956
0.103956
0.103956
0.103956
0.103956
0.103956
)
;
    }
    empty
    {
        type            empty;
    }
}


// ************************************************************************* //
