/*--------------------------------*- C++ -*----------------------------------*\
| =========                 |                                                 |
| \\      /  F ield         | OpenFOAM: The Open Source CFD Toolbox           |
|  \\    /   O peration     | Version:  3.0.0                                 |
|   \\  /    A nd           | Web:      www.OpenFOAM.org                      |
|    \\/     M anipulation  |                                                 |
\*---------------------------------------------------------------------------*/
FoamFile
{
    version     2.0;
    format      ascii;
    class       volScalarField;
    location    "0.0002";
    object      T;
}
// * * * * * * * * * * * * * * * * * * * * * * * * * * * * * * * * * * * * * //

dimensions      [0 0 0 1 0 0 0];

internalField   nonuniform List<scalar> 
1000
(
288.89
288.89
288.89
288.89
288.89
288.89
288.89
288.89
288.89
288.89
288.89
288.89
288.89
288.89
288.89
288.89
288.89
288.89
288.89
288.889
288.887
288.881
288.859
288.788
288.571
287.906
285.669
281.23
278.769
276.043
273.131
270.039
266.815
263.498
260.117
256.696
253.253
249.802
246.353
242.919
239.507
236.127
232.79
229.507
226.297
223.188
220.221
217.461
214.994
212.924
211.329
210.255
209.701
209.602
209.754
210.047
210.571
211.662
212.691
215.003
217.29
221.115
225.778
231.891
238.988
247.292
256.313
265.909
275.533
284.87
293.53
301.233
307.808
313.193
317.429
320.637
322.972
324.579
325.589
326.061
325.679
323.333
313.508
280.979
247.991
232.542
231.202
231.111
231.101
231.1
231.1
231.1
231.1
231.1
231.1
231.1
231.1
231.1
231.1
231.1
288.89
288.89
288.89
288.89
288.89
288.89
288.89
288.89
288.89
288.89
288.89
288.89
288.89
288.89
288.89
288.89
288.89
288.89
288.89
288.889
288.887
288.881
288.859
288.788
288.571
287.906
285.669
281.23
278.769
276.043
273.131
270.039
266.815
263.498
260.117
256.696
253.253
249.802
246.353
242.919
239.507
236.127
232.79
229.507
226.297
223.188
220.221
217.461
214.994
212.924
211.329
210.255
209.701
209.602
209.754
210.047
210.571
211.662
212.691
215.003
217.29
221.115
225.778
231.891
238.988
247.292
256.313
265.909
275.533
284.87
293.53
301.233
307.808
313.193
317.429
320.637
322.972
324.579
325.589
326.061
325.679
323.333
313.508
280.979
247.991
232.542
231.202
231.111
231.101
231.1
231.1
231.1
231.1
231.1
231.1
231.1
231.1
231.1
231.1
231.1
288.89
288.89
288.89
288.89
288.89
288.89
288.89
288.89
288.89
288.89
288.89
288.89
288.89
288.89
288.89
288.89
288.89
288.89
288.89
288.889
288.887
288.881
288.859
288.788
288.571
287.906
285.669
281.23
278.769
276.043
273.131
270.039
266.815
263.498
260.117
256.696
253.253
249.802
246.353
242.919
239.507
236.127
232.79
229.507
226.297
223.188
220.221
217.461
214.994
212.924
211.329
210.255
209.701
209.602
209.754
210.047
210.571
211.662
212.691
215.003
217.29
221.115
225.778
231.891
238.988
247.292
256.313
265.909
275.533
284.87
293.53
301.233
307.808
313.193
317.429
320.637
322.972
324.579
325.589
326.061
325.679
323.333
313.508
280.979
247.991
232.542
231.202
231.111
231.101
231.1
231.1
231.1
231.1
231.1
231.1
231.1
231.1
231.1
231.1
231.1
288.89
288.89
288.89
288.89
288.89
288.89
288.89
288.89
288.89
288.89
288.89
288.89
288.89
288.89
288.89
288.89
288.89
288.89
288.89
288.889
288.887
288.881
288.859
288.788
288.571
287.906
285.669
281.23
278.769
276.043
273.131
270.039
266.815
263.498
260.117
256.696
253.253
249.802
246.353
242.919
239.507
236.127
232.79
229.507
226.297
223.188
220.221
217.461
214.994
212.924
211.329
210.255
209.701
209.602
209.754
210.047
210.571
211.662
212.691
215.003
217.29
221.115
225.778
231.891
238.988
247.292
256.313
265.909
275.533
284.87
293.53
301.233
307.808
313.193
317.429
320.637
322.972
324.579
325.589
326.061
325.679
323.333
313.508
280.979
247.991
232.542
231.202
231.111
231.101
231.1
231.1
231.1
231.1
231.1
231.1
231.1
231.1
231.1
231.1
231.1
288.89
288.89
288.89
288.89
288.89
288.89
288.89
288.89
288.89
288.89
288.89
288.89
288.89
288.89
288.89
288.89
288.89
288.89
288.89
288.889
288.887
288.881
288.859
288.788
288.571
287.906
285.669
281.23
278.769
276.043
273.131
270.039
266.815
263.498
260.117
256.696
253.253
249.802
246.353
242.919
239.507
236.127
232.79
229.507
226.297
223.188
220.221
217.461
214.994
212.924
211.329
210.255
209.701
209.602
209.754
210.047
210.571
211.662
212.691
215.003
217.29
221.115
225.778
231.891
238.988
247.292
256.313
265.909
275.533
284.87
293.53
301.233
307.808
313.193
317.429
320.637
322.972
324.579
325.589
326.061
325.679
323.333
313.508
280.979
247.991
232.542
231.202
231.111
231.101
231.1
231.1
231.1
231.1
231.1
231.1
231.1
231.1
231.1
231.1
231.1
288.89
288.89
288.89
288.89
288.89
288.89
288.89
288.89
288.89
288.89
288.89
288.89
288.89
288.89
288.89
288.89
288.89
288.89
288.89
288.889
288.887
288.881
288.859
288.788
288.571
287.906
285.669
281.23
278.769
276.043
273.131
270.039
266.815
263.498
260.117
256.696
253.253
249.802
246.353
242.919
239.507
236.127
232.79
229.507
226.297
223.188
220.221
217.461
214.994
212.924
211.329
210.255
209.701
209.602
209.754
210.047
210.571
211.662
212.691
215.003
217.29
221.115
225.778
231.891
238.988
247.292
256.313
265.909
275.533
284.87
293.53
301.233
307.808
313.193
317.429
320.637
322.972
324.579
325.589
326.061
325.679
323.333
313.508
280.979
247.991
232.542
231.202
231.111
231.101
231.1
231.1
231.1
231.1
231.1
231.1
231.1
231.1
231.1
231.1
231.1
288.89
288.89
288.89
288.89
288.89
288.89
288.89
288.89
288.89
288.89
288.89
288.89
288.89
288.89
288.89
288.89
288.89
288.89
288.89
288.889
288.887
288.881
288.859
288.788
288.571
287.906
285.669
281.23
278.769
276.043
273.131
270.039
266.815
263.498
260.117
256.696
253.253
249.802
246.353
242.919
239.507
236.127
232.79
229.507
226.297
223.188
220.221
217.461
214.994
212.924
211.329
210.255
209.701
209.602
209.754
210.047
210.571
211.662
212.691
215.003
217.29
221.115
225.778
231.891
238.988
247.292
256.313
265.909
275.533
284.87
293.53
301.233
307.808
313.193
317.429
320.637
322.972
324.579
325.589
326.061
325.679
323.333
313.508
280.979
247.991
232.542
231.202
231.111
231.101
231.1
231.1
231.1
231.1
231.1
231.1
231.1
231.1
231.1
231.1
231.1
288.89
288.89
288.89
288.89
288.89
288.89
288.89
288.89
288.89
288.89
288.89
288.89
288.89
288.89
288.89
288.89
288.89
288.89
288.89
288.889
288.887
288.881
288.859
288.788
288.571
287.906
285.669
281.23
278.769
276.043
273.131
270.039
266.815
263.498
260.117
256.696
253.253
249.802
246.353
242.919
239.507
236.127
232.79
229.507
226.297
223.188
220.221
217.461
214.994
212.924
211.329
210.255
209.701
209.602
209.754
210.047
210.571
211.662
212.691
215.003
217.29
221.115
225.778
231.891
238.988
247.292
256.313
265.909
275.533
284.87
293.53
301.233
307.808
313.193
317.429
320.637
322.972
324.579
325.589
326.061
325.679
323.333
313.508
280.979
247.991
232.542
231.202
231.111
231.101
231.1
231.1
231.1
231.1
231.1
231.1
231.1
231.1
231.1
231.1
231.1
288.89
288.89
288.89
288.89
288.89
288.89
288.89
288.89
288.89
288.89
288.89
288.89
288.89
288.89
288.89
288.89
288.89
288.89
288.89
288.889
288.887
288.881
288.859
288.788
288.571
287.906
285.669
281.23
278.769
276.043
273.131
270.039
266.815
263.498
260.117
256.696
253.253
249.802
246.353
242.919
239.507
236.127
232.79
229.507
226.297
223.188
220.221
217.461
214.994
212.924
211.329
210.255
209.701
209.602
209.754
210.047
210.571
211.662
212.691
215.003
217.29
221.115
225.778
231.891
238.988
247.292
256.313
265.909
275.533
284.87
293.53
301.233
307.808
313.193
317.429
320.637
322.972
324.579
325.589
326.061
325.679
323.333
313.508
280.979
247.991
232.542
231.202
231.111
231.101
231.1
231.1
231.1
231.1
231.1
231.1
231.1
231.1
231.1
231.1
231.1
288.89
288.89
288.89
288.89
288.89
288.89
288.89
288.89
288.89
288.89
288.89
288.89
288.89
288.89
288.89
288.89
288.89
288.89
288.89
288.889
288.887
288.881
288.859
288.788
288.571
287.906
285.669
281.23
278.769
276.043
273.131
270.039
266.815
263.498
260.117
256.696
253.253
249.802
246.353
242.919
239.507
236.127
232.79
229.507
226.297
223.188
220.221
217.461
214.994
212.924
211.329
210.255
209.701
209.602
209.754
210.047
210.571
211.662
212.691
215.003
217.29
221.115
225.778
231.891
238.988
247.292
256.313
265.909
275.533
284.87
293.53
301.233
307.808
313.193
317.429
320.637
322.972
324.579
325.589
326.061
325.679
323.333
313.508
280.979
247.991
232.542
231.202
231.111
231.101
231.1
231.1
231.1
231.1
231.1
231.1
231.1
231.1
231.1
231.1
231.1
)
;

boundaryField
{
    sides1
    {
        type            zeroGradient;
    }
    sides2
    {
        type            slip;
    }
    empty
    {
        type            empty;
    }
}


// ************************************************************************* //
