/*--------------------------------*- C++ -*----------------------------------*\
| =========                 |                                                 |
| \\      /  F ield         | OpenFOAM: The Open Source CFD Toolbox           |
|  \\    /   O peration     | Version:  3.0.0                                 |
|   \\  /    A nd           | Web:      www.OpenFOAM.org                      |
|    \\/     M anipulation  |                                                 |
\*---------------------------------------------------------------------------*/
FoamFile
{
    version     2.0;
    format      ascii;
    class       volScalarField;
    location    "0.0002";
    object      thermo:psi;
}
// * * * * * * * * * * * * * * * * * * * * * * * * * * * * * * * * * * * * * //

dimensions      [0 -2 2 0 0 0 0];

internalField   nonuniform List<scalar> 
1000
(
1.20575e-05
1.20575e-05
1.20575e-05
1.20575e-05
1.20575e-05
1.20575e-05
1.20575e-05
1.20575e-05
1.20575e-05
1.20575e-05
1.20575e-05
1.20575e-05
1.20575e-05
1.20575e-05
1.20575e-05
1.20575e-05
1.20575e-05
1.20575e-05
1.20575e-05
1.20575e-05
1.20576e-05
1.20578e-05
1.20588e-05
1.20617e-05
1.20708e-05
1.20986e-05
1.21934e-05
1.23859e-05
1.24952e-05
1.26186e-05
1.27531e-05
1.28991e-05
1.3055e-05
1.32194e-05
1.33912e-05
1.35697e-05
1.37541e-05
1.39442e-05
1.41393e-05
1.43393e-05
1.45435e-05
1.47517e-05
1.49632e-05
1.51772e-05
1.53925e-05
1.56069e-05
1.58172e-05
1.60179e-05
1.62017e-05
1.63593e-05
1.64827e-05
1.65669e-05
1.66106e-05
1.66185e-05
1.66065e-05
1.65833e-05
1.6542e-05
1.64568e-05
1.63772e-05
1.6201e-05
1.60306e-05
1.57532e-05
1.54279e-05
1.50212e-05
1.45751e-05
1.40857e-05
1.35899e-05
1.30995e-05
1.2642e-05
1.22276e-05
1.18669e-05
1.15634e-05
1.13164e-05
1.11218e-05
1.09734e-05
1.08636e-05
1.07851e-05
1.07317e-05
1.06984e-05
1.06829e-05
1.06954e-05
1.0773e-05
1.11107e-05
1.23969e-05
1.4046e-05
1.49791e-05
1.5066e-05
1.50719e-05
1.50725e-05
1.50726e-05
1.50726e-05
1.50726e-05
1.50726e-05
1.50726e-05
1.50726e-05
1.50726e-05
1.50726e-05
1.50726e-05
1.50726e-05
1.50726e-05
1.20575e-05
1.20575e-05
1.20575e-05
1.20575e-05
1.20575e-05
1.20575e-05
1.20575e-05
1.20575e-05
1.20575e-05
1.20575e-05
1.20575e-05
1.20575e-05
1.20575e-05
1.20575e-05
1.20575e-05
1.20575e-05
1.20575e-05
1.20575e-05
1.20575e-05
1.20575e-05
1.20576e-05
1.20578e-05
1.20588e-05
1.20617e-05
1.20708e-05
1.20986e-05
1.21934e-05
1.23859e-05
1.24952e-05
1.26186e-05
1.27531e-05
1.28991e-05
1.3055e-05
1.32194e-05
1.33912e-05
1.35697e-05
1.37541e-05
1.39442e-05
1.41393e-05
1.43393e-05
1.45435e-05
1.47517e-05
1.49632e-05
1.51772e-05
1.53925e-05
1.56069e-05
1.58172e-05
1.60179e-05
1.62017e-05
1.63593e-05
1.64827e-05
1.65669e-05
1.66106e-05
1.66185e-05
1.66065e-05
1.65833e-05
1.6542e-05
1.64568e-05
1.63772e-05
1.6201e-05
1.60306e-05
1.57532e-05
1.54279e-05
1.50212e-05
1.45751e-05
1.40857e-05
1.35899e-05
1.30995e-05
1.2642e-05
1.22276e-05
1.18669e-05
1.15634e-05
1.13164e-05
1.11218e-05
1.09734e-05
1.08636e-05
1.07851e-05
1.07317e-05
1.06984e-05
1.06829e-05
1.06954e-05
1.0773e-05
1.11107e-05
1.23969e-05
1.4046e-05
1.49791e-05
1.5066e-05
1.50719e-05
1.50725e-05
1.50726e-05
1.50726e-05
1.50726e-05
1.50726e-05
1.50726e-05
1.50726e-05
1.50726e-05
1.50726e-05
1.50726e-05
1.50726e-05
1.50726e-05
1.20575e-05
1.20575e-05
1.20575e-05
1.20575e-05
1.20575e-05
1.20575e-05
1.20575e-05
1.20575e-05
1.20575e-05
1.20575e-05
1.20575e-05
1.20575e-05
1.20575e-05
1.20575e-05
1.20575e-05
1.20575e-05
1.20575e-05
1.20575e-05
1.20575e-05
1.20575e-05
1.20576e-05
1.20578e-05
1.20588e-05
1.20617e-05
1.20708e-05
1.20986e-05
1.21934e-05
1.23859e-05
1.24952e-05
1.26186e-05
1.27531e-05
1.28991e-05
1.3055e-05
1.32194e-05
1.33912e-05
1.35697e-05
1.37541e-05
1.39442e-05
1.41393e-05
1.43393e-05
1.45435e-05
1.47517e-05
1.49632e-05
1.51772e-05
1.53925e-05
1.56069e-05
1.58172e-05
1.60179e-05
1.62017e-05
1.63593e-05
1.64827e-05
1.65669e-05
1.66106e-05
1.66185e-05
1.66065e-05
1.65833e-05
1.6542e-05
1.64568e-05
1.63772e-05
1.6201e-05
1.60306e-05
1.57532e-05
1.54279e-05
1.50212e-05
1.45751e-05
1.40857e-05
1.35899e-05
1.30995e-05
1.2642e-05
1.22276e-05
1.18669e-05
1.15634e-05
1.13164e-05
1.11218e-05
1.09734e-05
1.08636e-05
1.07851e-05
1.07317e-05
1.06984e-05
1.06829e-05
1.06954e-05
1.0773e-05
1.11107e-05
1.23969e-05
1.4046e-05
1.49791e-05
1.5066e-05
1.50719e-05
1.50725e-05
1.50726e-05
1.50726e-05
1.50726e-05
1.50726e-05
1.50726e-05
1.50726e-05
1.50726e-05
1.50726e-05
1.50726e-05
1.50726e-05
1.50726e-05
1.20575e-05
1.20575e-05
1.20575e-05
1.20575e-05
1.20575e-05
1.20575e-05
1.20575e-05
1.20575e-05
1.20575e-05
1.20575e-05
1.20575e-05
1.20575e-05
1.20575e-05
1.20575e-05
1.20575e-05
1.20575e-05
1.20575e-05
1.20575e-05
1.20575e-05
1.20575e-05
1.20576e-05
1.20578e-05
1.20588e-05
1.20617e-05
1.20708e-05
1.20986e-05
1.21934e-05
1.23859e-05
1.24952e-05
1.26186e-05
1.27531e-05
1.28991e-05
1.3055e-05
1.32194e-05
1.33912e-05
1.35697e-05
1.37541e-05
1.39442e-05
1.41393e-05
1.43393e-05
1.45435e-05
1.47517e-05
1.49632e-05
1.51772e-05
1.53925e-05
1.56069e-05
1.58172e-05
1.60179e-05
1.62017e-05
1.63593e-05
1.64827e-05
1.65669e-05
1.66106e-05
1.66185e-05
1.66065e-05
1.65833e-05
1.6542e-05
1.64568e-05
1.63772e-05
1.6201e-05
1.60306e-05
1.57532e-05
1.54279e-05
1.50212e-05
1.45751e-05
1.40857e-05
1.35899e-05
1.30995e-05
1.2642e-05
1.22276e-05
1.18669e-05
1.15634e-05
1.13164e-05
1.11218e-05
1.09734e-05
1.08636e-05
1.07851e-05
1.07317e-05
1.06984e-05
1.06829e-05
1.06954e-05
1.0773e-05
1.11107e-05
1.23969e-05
1.4046e-05
1.49791e-05
1.5066e-05
1.50719e-05
1.50725e-05
1.50726e-05
1.50726e-05
1.50726e-05
1.50726e-05
1.50726e-05
1.50726e-05
1.50726e-05
1.50726e-05
1.50726e-05
1.50726e-05
1.50726e-05
1.20575e-05
1.20575e-05
1.20575e-05
1.20575e-05
1.20575e-05
1.20575e-05
1.20575e-05
1.20575e-05
1.20575e-05
1.20575e-05
1.20575e-05
1.20575e-05
1.20575e-05
1.20575e-05
1.20575e-05
1.20575e-05
1.20575e-05
1.20575e-05
1.20575e-05
1.20575e-05
1.20576e-05
1.20578e-05
1.20588e-05
1.20617e-05
1.20708e-05
1.20986e-05
1.21934e-05
1.23859e-05
1.24952e-05
1.26186e-05
1.27531e-05
1.28991e-05
1.3055e-05
1.32194e-05
1.33912e-05
1.35697e-05
1.37541e-05
1.39442e-05
1.41393e-05
1.43393e-05
1.45435e-05
1.47517e-05
1.49632e-05
1.51772e-05
1.53925e-05
1.56069e-05
1.58172e-05
1.60179e-05
1.62017e-05
1.63593e-05
1.64827e-05
1.65669e-05
1.66106e-05
1.66185e-05
1.66065e-05
1.65833e-05
1.6542e-05
1.64568e-05
1.63772e-05
1.6201e-05
1.60306e-05
1.57532e-05
1.54279e-05
1.50212e-05
1.45751e-05
1.40857e-05
1.35899e-05
1.30995e-05
1.2642e-05
1.22276e-05
1.18669e-05
1.15634e-05
1.13164e-05
1.11218e-05
1.09734e-05
1.08636e-05
1.07851e-05
1.07317e-05
1.06984e-05
1.06829e-05
1.06954e-05
1.0773e-05
1.11107e-05
1.23969e-05
1.4046e-05
1.49791e-05
1.5066e-05
1.50719e-05
1.50725e-05
1.50726e-05
1.50726e-05
1.50726e-05
1.50726e-05
1.50726e-05
1.50726e-05
1.50726e-05
1.50726e-05
1.50726e-05
1.50726e-05
1.50726e-05
1.20575e-05
1.20575e-05
1.20575e-05
1.20575e-05
1.20575e-05
1.20575e-05
1.20575e-05
1.20575e-05
1.20575e-05
1.20575e-05
1.20575e-05
1.20575e-05
1.20575e-05
1.20575e-05
1.20575e-05
1.20575e-05
1.20575e-05
1.20575e-05
1.20575e-05
1.20575e-05
1.20576e-05
1.20578e-05
1.20588e-05
1.20617e-05
1.20708e-05
1.20986e-05
1.21934e-05
1.23859e-05
1.24952e-05
1.26186e-05
1.27531e-05
1.28991e-05
1.3055e-05
1.32194e-05
1.33912e-05
1.35697e-05
1.37541e-05
1.39442e-05
1.41393e-05
1.43393e-05
1.45435e-05
1.47517e-05
1.49632e-05
1.51772e-05
1.53925e-05
1.56069e-05
1.58172e-05
1.60179e-05
1.62017e-05
1.63593e-05
1.64827e-05
1.65669e-05
1.66106e-05
1.66185e-05
1.66065e-05
1.65833e-05
1.6542e-05
1.64568e-05
1.63772e-05
1.6201e-05
1.60306e-05
1.57532e-05
1.54279e-05
1.50212e-05
1.45751e-05
1.40857e-05
1.35899e-05
1.30995e-05
1.2642e-05
1.22276e-05
1.18669e-05
1.15634e-05
1.13164e-05
1.11218e-05
1.09734e-05
1.08636e-05
1.07851e-05
1.07317e-05
1.06984e-05
1.06829e-05
1.06954e-05
1.0773e-05
1.11107e-05
1.23969e-05
1.4046e-05
1.49791e-05
1.5066e-05
1.50719e-05
1.50725e-05
1.50726e-05
1.50726e-05
1.50726e-05
1.50726e-05
1.50726e-05
1.50726e-05
1.50726e-05
1.50726e-05
1.50726e-05
1.50726e-05
1.50726e-05
1.20575e-05
1.20575e-05
1.20575e-05
1.20575e-05
1.20575e-05
1.20575e-05
1.20575e-05
1.20575e-05
1.20575e-05
1.20575e-05
1.20575e-05
1.20575e-05
1.20575e-05
1.20575e-05
1.20575e-05
1.20575e-05
1.20575e-05
1.20575e-05
1.20575e-05
1.20575e-05
1.20576e-05
1.20578e-05
1.20588e-05
1.20617e-05
1.20708e-05
1.20986e-05
1.21934e-05
1.23859e-05
1.24952e-05
1.26186e-05
1.27531e-05
1.28991e-05
1.3055e-05
1.32194e-05
1.33912e-05
1.35697e-05
1.37541e-05
1.39442e-05
1.41393e-05
1.43393e-05
1.45435e-05
1.47517e-05
1.49632e-05
1.51772e-05
1.53925e-05
1.56069e-05
1.58172e-05
1.60179e-05
1.62017e-05
1.63593e-05
1.64827e-05
1.65669e-05
1.66106e-05
1.66185e-05
1.66065e-05
1.65833e-05
1.6542e-05
1.64568e-05
1.63772e-05
1.6201e-05
1.60306e-05
1.57532e-05
1.54279e-05
1.50212e-05
1.45751e-05
1.40857e-05
1.35899e-05
1.30995e-05
1.2642e-05
1.22276e-05
1.18669e-05
1.15634e-05
1.13164e-05
1.11218e-05
1.09734e-05
1.08636e-05
1.07851e-05
1.07317e-05
1.06984e-05
1.06829e-05
1.06954e-05
1.0773e-05
1.11107e-05
1.23969e-05
1.4046e-05
1.49791e-05
1.5066e-05
1.50719e-05
1.50725e-05
1.50726e-05
1.50726e-05
1.50726e-05
1.50726e-05
1.50726e-05
1.50726e-05
1.50726e-05
1.50726e-05
1.50726e-05
1.50726e-05
1.50726e-05
1.20575e-05
1.20575e-05
1.20575e-05
1.20575e-05
1.20575e-05
1.20575e-05
1.20575e-05
1.20575e-05
1.20575e-05
1.20575e-05
1.20575e-05
1.20575e-05
1.20575e-05
1.20575e-05
1.20575e-05
1.20575e-05
1.20575e-05
1.20575e-05
1.20575e-05
1.20575e-05
1.20576e-05
1.20578e-05
1.20588e-05
1.20617e-05
1.20708e-05
1.20986e-05
1.21934e-05
1.23859e-05
1.24952e-05
1.26186e-05
1.27531e-05
1.28991e-05
1.3055e-05
1.32194e-05
1.33912e-05
1.35697e-05
1.37541e-05
1.39442e-05
1.41393e-05
1.43393e-05
1.45435e-05
1.47517e-05
1.49632e-05
1.51772e-05
1.53925e-05
1.56069e-05
1.58172e-05
1.60179e-05
1.62017e-05
1.63593e-05
1.64827e-05
1.65669e-05
1.66106e-05
1.66185e-05
1.66065e-05
1.65833e-05
1.6542e-05
1.64568e-05
1.63772e-05
1.6201e-05
1.60306e-05
1.57532e-05
1.54279e-05
1.50212e-05
1.45751e-05
1.40857e-05
1.35899e-05
1.30995e-05
1.2642e-05
1.22276e-05
1.18669e-05
1.15634e-05
1.13164e-05
1.11218e-05
1.09734e-05
1.08636e-05
1.07851e-05
1.07317e-05
1.06984e-05
1.06829e-05
1.06954e-05
1.0773e-05
1.11107e-05
1.23969e-05
1.4046e-05
1.49791e-05
1.5066e-05
1.50719e-05
1.50725e-05
1.50726e-05
1.50726e-05
1.50726e-05
1.50726e-05
1.50726e-05
1.50726e-05
1.50726e-05
1.50726e-05
1.50726e-05
1.50726e-05
1.50726e-05
1.20575e-05
1.20575e-05
1.20575e-05
1.20575e-05
1.20575e-05
1.20575e-05
1.20575e-05
1.20575e-05
1.20575e-05
1.20575e-05
1.20575e-05
1.20575e-05
1.20575e-05
1.20575e-05
1.20575e-05
1.20575e-05
1.20575e-05
1.20575e-05
1.20575e-05
1.20575e-05
1.20576e-05
1.20578e-05
1.20588e-05
1.20617e-05
1.20708e-05
1.20986e-05
1.21934e-05
1.23859e-05
1.24952e-05
1.26186e-05
1.27531e-05
1.28991e-05
1.3055e-05
1.32194e-05
1.33912e-05
1.35697e-05
1.37541e-05
1.39442e-05
1.41393e-05
1.43393e-05
1.45435e-05
1.47517e-05
1.49632e-05
1.51772e-05
1.53925e-05
1.56069e-05
1.58172e-05
1.60179e-05
1.62017e-05
1.63593e-05
1.64827e-05
1.65669e-05
1.66106e-05
1.66185e-05
1.66065e-05
1.65833e-05
1.6542e-05
1.64568e-05
1.63772e-05
1.6201e-05
1.60306e-05
1.57532e-05
1.54279e-05
1.50212e-05
1.45751e-05
1.40857e-05
1.35899e-05
1.30995e-05
1.2642e-05
1.22276e-05
1.18669e-05
1.15634e-05
1.13164e-05
1.11218e-05
1.09734e-05
1.08636e-05
1.07851e-05
1.07317e-05
1.06984e-05
1.06829e-05
1.06954e-05
1.0773e-05
1.11107e-05
1.23969e-05
1.4046e-05
1.49791e-05
1.5066e-05
1.50719e-05
1.50725e-05
1.50726e-05
1.50726e-05
1.50726e-05
1.50726e-05
1.50726e-05
1.50726e-05
1.50726e-05
1.50726e-05
1.50726e-05
1.50726e-05
1.50726e-05
1.20575e-05
1.20575e-05
1.20575e-05
1.20575e-05
1.20575e-05
1.20575e-05
1.20575e-05
1.20575e-05
1.20575e-05
1.20575e-05
1.20575e-05
1.20575e-05
1.20575e-05
1.20575e-05
1.20575e-05
1.20575e-05
1.20575e-05
1.20575e-05
1.20575e-05
1.20575e-05
1.20576e-05
1.20578e-05
1.20588e-05
1.20617e-05
1.20708e-05
1.20986e-05
1.21934e-05
1.23859e-05
1.24952e-05
1.26186e-05
1.27531e-05
1.28991e-05
1.3055e-05
1.32194e-05
1.33912e-05
1.35697e-05
1.37541e-05
1.39442e-05
1.41393e-05
1.43393e-05
1.45435e-05
1.47517e-05
1.49632e-05
1.51772e-05
1.53925e-05
1.56069e-05
1.58172e-05
1.60179e-05
1.62017e-05
1.63593e-05
1.64827e-05
1.65669e-05
1.66106e-05
1.66185e-05
1.66065e-05
1.65833e-05
1.6542e-05
1.64568e-05
1.63772e-05
1.6201e-05
1.60306e-05
1.57532e-05
1.54279e-05
1.50212e-05
1.45751e-05
1.40857e-05
1.35899e-05
1.30995e-05
1.2642e-05
1.22276e-05
1.18669e-05
1.15634e-05
1.13164e-05
1.11218e-05
1.09734e-05
1.08636e-05
1.07851e-05
1.07317e-05
1.06984e-05
1.06829e-05
1.06954e-05
1.0773e-05
1.11107e-05
1.23969e-05
1.4046e-05
1.49791e-05
1.5066e-05
1.50719e-05
1.50725e-05
1.50726e-05
1.50726e-05
1.50726e-05
1.50726e-05
1.50726e-05
1.50726e-05
1.50726e-05
1.50726e-05
1.50726e-05
1.50726e-05
1.50726e-05
)
;

boundaryField
{
    sides1
    {
        type            calculated;
        value           nonuniform List<scalar> 
20
(
1.50726e-05
1.50726e-05
1.50726e-05
1.50726e-05
1.50726e-05
1.50726e-05
1.50726e-05
1.50726e-05
1.50726e-05
1.50726e-05
1.20575e-05
1.20575e-05
1.20575e-05
1.20575e-05
1.20575e-05
1.20575e-05
1.20575e-05
1.20575e-05
1.20575e-05
1.20575e-05
)
;
    }
    sides2
    {
        type            calculated;
        value           nonuniform List<scalar> 
200
(
1.20575e-05
1.20575e-05
1.20575e-05
1.20575e-05
1.20575e-05
1.20575e-05
1.20575e-05
1.20575e-05
1.20575e-05
1.20575e-05
1.20575e-05
1.20575e-05
1.20575e-05
1.20575e-05
1.20575e-05
1.20575e-05
1.20575e-05
1.20575e-05
1.20575e-05
1.20575e-05
1.20576e-05
1.20578e-05
1.20588e-05
1.20617e-05
1.20708e-05
1.20986e-05
1.21934e-05
1.23859e-05
1.24952e-05
1.26186e-05
1.27531e-05
1.28991e-05
1.3055e-05
1.32194e-05
1.33912e-05
1.35697e-05
1.37541e-05
1.39442e-05
1.41393e-05
1.43393e-05
1.45435e-05
1.47517e-05
1.49632e-05
1.51772e-05
1.53925e-05
1.56069e-05
1.58172e-05
1.60179e-05
1.62017e-05
1.63593e-05
1.64827e-05
1.65669e-05
1.66106e-05
1.66185e-05
1.66065e-05
1.65833e-05
1.6542e-05
1.64568e-05
1.63772e-05
1.6201e-05
1.60306e-05
1.57532e-05
1.54279e-05
1.50212e-05
1.45751e-05
1.40857e-05
1.35899e-05
1.30995e-05
1.2642e-05
1.22276e-05
1.18669e-05
1.15634e-05
1.13164e-05
1.11218e-05
1.09734e-05
1.08636e-05
1.07851e-05
1.07317e-05
1.06984e-05
1.06829e-05
1.06954e-05
1.0773e-05
1.11107e-05
1.23969e-05
1.4046e-05
1.49791e-05
1.5066e-05
1.50719e-05
1.50725e-05
1.50726e-05
1.50726e-05
1.50726e-05
1.50726e-05
1.50726e-05
1.50726e-05
1.50726e-05
1.50726e-05
1.50726e-05
1.50726e-05
1.50726e-05
1.20575e-05
1.20575e-05
1.20575e-05
1.20575e-05
1.20575e-05
1.20575e-05
1.20575e-05
1.20575e-05
1.20575e-05
1.20575e-05
1.20575e-05
1.20575e-05
1.20575e-05
1.20575e-05
1.20575e-05
1.20575e-05
1.20575e-05
1.20575e-05
1.20575e-05
1.20575e-05
1.20576e-05
1.20578e-05
1.20588e-05
1.20617e-05
1.20708e-05
1.20986e-05
1.21934e-05
1.23859e-05
1.24952e-05
1.26186e-05
1.27531e-05
1.28991e-05
1.3055e-05
1.32194e-05
1.33912e-05
1.35697e-05
1.37541e-05
1.39442e-05
1.41393e-05
1.43393e-05
1.45435e-05
1.47517e-05
1.49632e-05
1.51772e-05
1.53925e-05
1.56069e-05
1.58172e-05
1.60179e-05
1.62017e-05
1.63593e-05
1.64827e-05
1.65669e-05
1.66106e-05
1.66185e-05
1.66065e-05
1.65833e-05
1.6542e-05
1.64568e-05
1.63772e-05
1.6201e-05
1.60306e-05
1.57532e-05
1.54279e-05
1.50212e-05
1.45751e-05
1.40857e-05
1.35899e-05
1.30995e-05
1.2642e-05
1.22276e-05
1.18669e-05
1.15634e-05
1.13164e-05
1.11218e-05
1.09734e-05
1.08636e-05
1.07851e-05
1.07317e-05
1.06984e-05
1.06829e-05
1.06954e-05
1.0773e-05
1.11107e-05
1.23969e-05
1.4046e-05
1.49791e-05
1.5066e-05
1.50719e-05
1.50725e-05
1.50726e-05
1.50726e-05
1.50726e-05
1.50726e-05
1.50726e-05
1.50726e-05
1.50726e-05
1.50726e-05
1.50726e-05
1.50726e-05
1.50726e-05
)
;
    }
    empty
    {
        type            empty;
    }
}


// ************************************************************************* //
