/*--------------------------------*- C++ -*----------------------------------*\
| =========                 |                                                 |
| \\      /  F ield         | OpenFOAM: The Open Source CFD Toolbox           |
|  \\    /   O peration     | Version:  3.0.0                                 |
|   \\  /    A nd           | Web:      www.OpenFOAM.org                      |
|    \\/     M anipulation  |                                                 |
\*---------------------------------------------------------------------------*/
FoamFile
{
    version     2.0;
    format      ascii;
    class       volScalarField;
    location    "0.00025";
    object      cSound;
}
// * * * * * * * * * * * * * * * * * * * * * * * * * * * * * * * * * * * * * //

dimensions      [0 1 -1 0 0 0 0];

internalField   nonuniform List<scalar> 
1000
(
348.906
348.906
348.906
348.906
348.906
348.906
348.906
348.906
348.906
348.906
348.906
348.906
348.906
348.906
348.905
348.903
348.894
348.868
348.789
348.556
347.846
345.774
343.986
342.723
341.342
339.859
338.292
336.659
334.974
333.248
331.491
329.709
327.908
326.092
324.265
322.43
320.591
318.75
316.91
315.073
313.244
311.426
309.626
307.852
306.116
304.436
302.837
301.352
300.022
298.887
297.988
297.35
296.982
296.819
296.751
296.756
296.864
297.051
297.224
297.676
298.018
298.939
299.741
301.362
303.08
305.574
308.592
312.32
316.573
321.403
326.572
332.012
337.46
342.783
347.801
352.377
356.42
359.881
362.751
365.057
366.853
368.209
369.203
369.912
370.403
370.721
370.9
370.933
370.672
369.625
365.631
350.42
327.484
314.335
312.187
312.076
312.065
312.063
312.063
312.063
348.906
348.906
348.906
348.906
348.906
348.906
348.906
348.906
348.906
348.906
348.906
348.906
348.906
348.906
348.905
348.903
348.894
348.868
348.789
348.556
347.846
345.774
343.986
342.723
341.342
339.859
338.292
336.659
334.974
333.248
331.491
329.709
327.908
326.092
324.265
322.43
320.591
318.75
316.91
315.073
313.244
311.426
309.626
307.852
306.116
304.436
302.837
301.352
300.022
298.887
297.988
297.35
296.982
296.819
296.751
296.756
296.864
297.051
297.224
297.676
298.018
298.939
299.741
301.362
303.08
305.574
308.592
312.32
316.573
321.403
326.572
332.012
337.46
342.783
347.801
352.377
356.42
359.881
362.751
365.057
366.853
368.209
369.203
369.912
370.403
370.721
370.9
370.933
370.672
369.625
365.631
350.42
327.484
314.335
312.187
312.076
312.065
312.063
312.063
312.063
348.906
348.906
348.906
348.906
348.906
348.906
348.906
348.906
348.906
348.906
348.906
348.906
348.906
348.906
348.905
348.903
348.894
348.868
348.789
348.556
347.846
345.774
343.986
342.723
341.342
339.859
338.292
336.659
334.974
333.248
331.491
329.709
327.908
326.092
324.265
322.43
320.591
318.75
316.91
315.073
313.244
311.426
309.626
307.852
306.116
304.436
302.837
301.352
300.022
298.887
297.988
297.35
296.982
296.819
296.751
296.756
296.864
297.051
297.224
297.676
298.018
298.939
299.741
301.362
303.08
305.574
308.592
312.32
316.573
321.403
326.572
332.012
337.46
342.783
347.801
352.377
356.42
359.881
362.751
365.057
366.853
368.209
369.203
369.912
370.403
370.721
370.9
370.933
370.672
369.625
365.631
350.42
327.484
314.335
312.187
312.076
312.065
312.063
312.063
312.063
348.906
348.906
348.906
348.906
348.906
348.906
348.906
348.906
348.906
348.906
348.906
348.906
348.906
348.906
348.905
348.903
348.894
348.868
348.789
348.556
347.846
345.774
343.986
342.723
341.342
339.859
338.292
336.659
334.974
333.248
331.491
329.709
327.908
326.092
324.265
322.43
320.591
318.75
316.91
315.073
313.244
311.426
309.626
307.852
306.116
304.436
302.837
301.352
300.022
298.887
297.988
297.35
296.982
296.819
296.751
296.756
296.864
297.051
297.224
297.676
298.018
298.939
299.741
301.362
303.08
305.574
308.592
312.32
316.573
321.403
326.572
332.012
337.46
342.783
347.801
352.377
356.42
359.881
362.751
365.057
366.853
368.209
369.203
369.912
370.403
370.721
370.9
370.933
370.672
369.625
365.631
350.42
327.484
314.335
312.187
312.076
312.065
312.063
312.063
312.063
348.906
348.906
348.906
348.906
348.906
348.906
348.906
348.906
348.906
348.906
348.906
348.906
348.906
348.906
348.905
348.903
348.894
348.868
348.789
348.556
347.846
345.774
343.986
342.723
341.342
339.859
338.292
336.659
334.974
333.248
331.491
329.709
327.908
326.092
324.265
322.43
320.591
318.75
316.91
315.073
313.244
311.426
309.626
307.852
306.116
304.436
302.837
301.352
300.022
298.887
297.988
297.35
296.982
296.819
296.751
296.756
296.864
297.051
297.224
297.676
298.018
298.939
299.741
301.362
303.08
305.574
308.592
312.32
316.573
321.403
326.572
332.012
337.46
342.783
347.801
352.377
356.42
359.881
362.751
365.057
366.853
368.209
369.203
369.912
370.403
370.721
370.9
370.933
370.672
369.625
365.631
350.42
327.484
314.335
312.187
312.076
312.065
312.063
312.063
312.063
348.906
348.906
348.906
348.906
348.906
348.906
348.906
348.906
348.906
348.906
348.906
348.906
348.906
348.906
348.905
348.903
348.894
348.868
348.789
348.556
347.846
345.774
343.986
342.723
341.342
339.859
338.292
336.659
334.974
333.248
331.491
329.709
327.908
326.092
324.265
322.43
320.591
318.75
316.91
315.073
313.244
311.426
309.626
307.852
306.116
304.436
302.837
301.352
300.022
298.887
297.988
297.35
296.982
296.819
296.751
296.756
296.864
297.051
297.224
297.676
298.018
298.939
299.741
301.362
303.08
305.574
308.592
312.32
316.573
321.403
326.572
332.012
337.46
342.783
347.801
352.377
356.42
359.881
362.751
365.057
366.853
368.209
369.203
369.912
370.403
370.721
370.9
370.933
370.672
369.625
365.631
350.42
327.484
314.335
312.187
312.076
312.065
312.063
312.063
312.063
348.906
348.906
348.906
348.906
348.906
348.906
348.906
348.906
348.906
348.906
348.906
348.906
348.906
348.906
348.905
348.903
348.894
348.868
348.789
348.556
347.846
345.774
343.986
342.723
341.342
339.859
338.292
336.659
334.974
333.248
331.491
329.709
327.908
326.092
324.265
322.43
320.591
318.75
316.91
315.073
313.244
311.426
309.626
307.852
306.116
304.436
302.837
301.352
300.022
298.887
297.988
297.35
296.982
296.819
296.751
296.756
296.864
297.051
297.224
297.676
298.018
298.939
299.741
301.362
303.08
305.574
308.592
312.32
316.573
321.403
326.572
332.012
337.46
342.783
347.801
352.377
356.42
359.881
362.751
365.057
366.853
368.209
369.203
369.912
370.403
370.721
370.9
370.933
370.672
369.625
365.631
350.42
327.484
314.335
312.187
312.076
312.065
312.063
312.063
312.063
348.906
348.906
348.906
348.906
348.906
348.906
348.906
348.906
348.906
348.906
348.906
348.906
348.906
348.906
348.905
348.903
348.894
348.868
348.789
348.556
347.846
345.774
343.986
342.723
341.342
339.859
338.292
336.659
334.974
333.248
331.491
329.709
327.908
326.092
324.265
322.43
320.591
318.75
316.91
315.073
313.244
311.426
309.626
307.852
306.116
304.436
302.837
301.352
300.022
298.887
297.988
297.35
296.982
296.819
296.751
296.756
296.864
297.051
297.224
297.676
298.018
298.939
299.741
301.362
303.08
305.574
308.592
312.32
316.573
321.403
326.572
332.012
337.46
342.783
347.801
352.377
356.42
359.881
362.751
365.057
366.853
368.209
369.203
369.912
370.403
370.721
370.9
370.933
370.672
369.625
365.631
350.42
327.484
314.335
312.187
312.076
312.065
312.063
312.063
312.063
348.906
348.906
348.906
348.906
348.906
348.906
348.906
348.906
348.906
348.906
348.906
348.906
348.906
348.906
348.905
348.903
348.894
348.868
348.789
348.556
347.846
345.774
343.986
342.723
341.342
339.859
338.292
336.659
334.974
333.248
331.491
329.709
327.908
326.092
324.265
322.43
320.591
318.75
316.91
315.073
313.244
311.426
309.626
307.852
306.116
304.436
302.837
301.352
300.022
298.887
297.988
297.35
296.982
296.819
296.751
296.756
296.864
297.051
297.224
297.676
298.018
298.939
299.741
301.362
303.08
305.574
308.592
312.32
316.573
321.403
326.572
332.012
337.46
342.783
347.801
352.377
356.42
359.881
362.751
365.057
366.853
368.209
369.203
369.912
370.403
370.721
370.9
370.933
370.672
369.625
365.631
350.42
327.484
314.335
312.187
312.076
312.065
312.063
312.063
312.063
348.906
348.906
348.906
348.906
348.906
348.906
348.906
348.906
348.906
348.906
348.906
348.906
348.906
348.906
348.905
348.903
348.894
348.868
348.789
348.556
347.846
345.774
343.986
342.723
341.342
339.859
338.292
336.659
334.974
333.248
331.491
329.709
327.908
326.092
324.265
322.43
320.591
318.75
316.91
315.073
313.244
311.426
309.626
307.852
306.116
304.436
302.837
301.352
300.022
298.887
297.988
297.35
296.982
296.819
296.751
296.756
296.864
297.051
297.224
297.676
298.018
298.939
299.741
301.362
303.08
305.574
308.592
312.32
316.573
321.403
326.572
332.012
337.46
342.783
347.801
352.377
356.42
359.881
362.751
365.057
366.853
368.209
369.203
369.912
370.403
370.721
370.9
370.933
370.672
369.625
365.631
350.42
327.484
314.335
312.187
312.076
312.065
312.063
312.063
312.063
)
;

boundaryField
{
    sides1
    {
        type            calculated;
        value           nonuniform List<scalar> 
20
(
312.063
312.063
312.063
312.063
312.063
312.063
312.063
312.063
312.063
312.063
348.906
348.906
348.906
348.906
348.906
348.906
348.906
348.906
348.906
348.906
)
;
    }
    sides2
    {
        type            calculated;
        value           nonuniform List<scalar> 
200
(
348.906
348.906
348.906
348.906
348.906
348.906
348.906
348.906
348.906
348.906
348.906
348.906
348.906
348.906
348.905
348.903
348.894
348.868
348.789
348.556
347.846
345.774
343.986
342.723
341.342
339.859
338.292
336.659
334.974
333.248
331.491
329.709
327.908
326.092
324.265
322.43
320.591
318.75
316.91
315.073
313.244
311.426
309.626
307.852
306.116
304.436
302.837
301.352
300.022
298.887
297.988
297.35
296.982
296.819
296.751
296.756
296.864
297.051
297.224
297.676
298.018
298.939
299.741
301.362
303.08
305.574
308.592
312.32
316.573
321.403
326.572
332.012
337.46
342.783
347.801
352.377
356.42
359.881
362.751
365.057
366.853
368.209
369.203
369.912
370.403
370.721
370.9
370.933
370.672
369.625
365.631
350.42
327.484
314.335
312.187
312.076
312.065
312.063
312.063
312.063
348.906
348.906
348.906
348.906
348.906
348.906
348.906
348.906
348.906
348.906
348.906
348.906
348.906
348.906
348.905
348.903
348.894
348.868
348.789
348.556
347.846
345.774
343.986
342.723
341.342
339.859
338.292
336.659
334.974
333.248
331.491
329.709
327.908
326.092
324.265
322.43
320.591
318.75
316.91
315.073
313.244
311.426
309.626
307.852
306.116
304.436
302.837
301.352
300.022
298.887
297.988
297.35
296.982
296.819
296.751
296.756
296.864
297.051
297.224
297.676
298.018
298.939
299.741
301.362
303.08
305.574
308.592
312.32
316.573
321.403
326.572
332.012
337.46
342.783
347.801
352.377
356.42
359.881
362.751
365.057
366.853
368.209
369.203
369.912
370.403
370.721
370.9
370.933
370.672
369.625
365.631
350.42
327.484
314.335
312.187
312.076
312.065
312.063
312.063
312.063
)
;
    }
    empty
    {
        type            empty;
    }
}


// ************************************************************************* //
