/*--------------------------------*- C++ -*----------------------------------*\
| =========                 |                                                 |
| \\      /  F ield         | OpenFOAM: The Open Source CFD Toolbox           |
|  \\    /   O peration     | Version:  3.0.0                                 |
|   \\  /    A nd           | Web:      www.OpenFOAM.org                      |
|    \\/     M anipulation  |                                                 |
\*---------------------------------------------------------------------------*/
FoamFile
{
    version     2.0;
    format      ascii;
    class       volScalarField;
    location    "0.00025";
    object      p;
}
// * * * * * * * * * * * * * * * * * * * * * * * * * * * * * * * * * * * * * //

dimensions      [1 -1 -2 0 0 0 0];

internalField   nonuniform List<scalar> 
1000
(
68970
68970
68970
68970
68970
68970
68970
68970
68970
68970
68970
68970
68969.9
68969.5
68968.3
68964.4
68952
68914.1
68800.7
68472.4
67547
65309.6
63111.3
61456.1
59746.7
57953.2
56094.6
54199.5
52292.6
50393.1
48514.7
46667.7
44859.5
43095.3
41379
39713.1
38099.6
36539.6
35034.1
33583.6
32188.7
30850
29569
28347.7
27189.9
26101.4
25090.6
24169.2
23350.5
22651.6
22080.4
21655.4
21362.1
21207.6
21121.8
21065
21037.3
21048.3
21007.6
21057.9
20957
21065.6
20924.4
21051.3
20937.4
20970.4
20944.4
20972.2
20955.5
20978.9
20972.3
20989.2
20989
20995.5
21005.6
21014.3
21020.8
21025.7
21029.2
21031.5
21033
21034.5
21037.1
21042.6
21047.3
21045.9
21031.9
20976.2
20773.4
20108.9
17637.8
11778.2
8226.36
7106.83
6916.55
6899.09
6897.22
6897.02
6897
6897
68970
68970
68970
68970
68970
68970
68970
68970
68970
68970
68970
68970
68969.9
68969.5
68968.3
68964.4
68952
68914.1
68800.7
68472.4
67547
65309.6
63111.3
61456.1
59746.7
57953.2
56094.6
54199.5
52292.6
50393.1
48514.7
46667.7
44859.5
43095.3
41379
39713.1
38099.6
36539.6
35034.1
33583.6
32188.7
30850
29569
28347.7
27189.9
26101.4
25090.6
24169.2
23350.5
22651.6
22080.4
21655.4
21362.1
21207.6
21121.8
21065
21037.3
21048.3
21007.6
21057.9
20957
21065.6
20924.4
21051.3
20937.4
20970.4
20944.4
20972.2
20955.5
20978.9
20972.3
20989.2
20989
20995.5
21005.6
21014.3
21020.8
21025.7
21029.2
21031.5
21033
21034.5
21037.1
21042.6
21047.3
21045.9
21031.9
20976.2
20773.4
20108.9
17637.8
11778.2
8226.36
7106.83
6916.55
6899.09
6897.22
6897.02
6897
6897
68970
68970
68970
68970
68970
68970
68970
68970
68970
68970
68970
68970
68969.9
68969.5
68968.3
68964.4
68952
68914.1
68800.7
68472.4
67547
65309.6
63111.3
61456.1
59746.7
57953.2
56094.6
54199.5
52292.6
50393.1
48514.7
46667.7
44859.5
43095.3
41379
39713.1
38099.6
36539.6
35034.1
33583.6
32188.7
30850
29569
28347.7
27189.9
26101.4
25090.6
24169.2
23350.5
22651.6
22080.4
21655.4
21362.1
21207.6
21121.8
21065
21037.3
21048.3
21007.6
21057.9
20957
21065.6
20924.4
21051.3
20937.4
20970.4
20944.4
20972.2
20955.5
20978.9
20972.3
20989.2
20989
20995.5
21005.6
21014.3
21020.8
21025.7
21029.2
21031.5
21033
21034.5
21037.1
21042.6
21047.3
21045.9
21031.9
20976.2
20773.4
20108.9
17637.8
11778.2
8226.36
7106.83
6916.55
6899.09
6897.22
6897.02
6897
6897
68970
68970
68970
68970
68970
68970
68970
68970
68970
68970
68970
68970
68969.9
68969.5
68968.3
68964.4
68952
68914.1
68800.7
68472.4
67547
65309.6
63111.3
61456.1
59746.7
57953.2
56094.6
54199.5
52292.6
50393.1
48514.7
46667.7
44859.5
43095.3
41379
39713.1
38099.6
36539.6
35034.1
33583.6
32188.7
30850
29569
28347.7
27189.9
26101.4
25090.6
24169.2
23350.5
22651.6
22080.4
21655.4
21362.1
21207.6
21121.8
21065
21037.3
21048.3
21007.6
21057.9
20957
21065.6
20924.4
21051.3
20937.4
20970.4
20944.4
20972.2
20955.5
20978.9
20972.3
20989.2
20989
20995.5
21005.6
21014.3
21020.8
21025.7
21029.2
21031.5
21033
21034.5
21037.1
21042.6
21047.3
21045.9
21031.9
20976.2
20773.4
20108.9
17637.8
11778.2
8226.36
7106.83
6916.55
6899.09
6897.22
6897.02
6897
6897
68970
68970
68970
68970
68970
68970
68970
68970
68970
68970
68970
68970
68969.9
68969.5
68968.3
68964.4
68952
68914.1
68800.7
68472.4
67547
65309.6
63111.3
61456.1
59746.7
57953.2
56094.6
54199.5
52292.6
50393.1
48514.7
46667.7
44859.5
43095.3
41379
39713.1
38099.6
36539.6
35034.1
33583.6
32188.7
30850
29569
28347.7
27189.9
26101.4
25090.6
24169.2
23350.5
22651.6
22080.4
21655.4
21362.1
21207.6
21121.8
21065
21037.3
21048.3
21007.6
21057.9
20957
21065.6
20924.4
21051.3
20937.4
20970.4
20944.4
20972.2
20955.5
20978.9
20972.3
20989.2
20989
20995.5
21005.6
21014.3
21020.8
21025.7
21029.2
21031.5
21033
21034.5
21037.1
21042.6
21047.3
21045.9
21031.9
20976.2
20773.4
20108.9
17637.8
11778.2
8226.36
7106.83
6916.55
6899.09
6897.22
6897.02
6897
6897
68970
68970
68970
68970
68970
68970
68970
68970
68970
68970
68970
68970
68969.9
68969.5
68968.3
68964.4
68952
68914.1
68800.7
68472.4
67547
65309.6
63111.3
61456.1
59746.7
57953.2
56094.6
54199.5
52292.6
50393.1
48514.7
46667.7
44859.5
43095.3
41379
39713.1
38099.6
36539.6
35034.1
33583.6
32188.7
30850
29569
28347.7
27189.9
26101.4
25090.6
24169.2
23350.5
22651.6
22080.4
21655.4
21362.1
21207.6
21121.8
21065
21037.3
21048.3
21007.6
21057.9
20957
21065.6
20924.4
21051.3
20937.4
20970.4
20944.4
20972.2
20955.5
20978.9
20972.3
20989.2
20989
20995.5
21005.6
21014.3
21020.8
21025.7
21029.2
21031.5
21033
21034.5
21037.1
21042.6
21047.3
21045.9
21031.9
20976.2
20773.4
20108.9
17637.8
11778.2
8226.36
7106.83
6916.55
6899.09
6897.22
6897.02
6897
6897
68970
68970
68970
68970
68970
68970
68970
68970
68970
68970
68970
68970
68969.9
68969.5
68968.3
68964.4
68952
68914.1
68800.7
68472.4
67547
65309.6
63111.3
61456.1
59746.7
57953.2
56094.6
54199.5
52292.6
50393.1
48514.7
46667.7
44859.5
43095.3
41379
39713.1
38099.6
36539.6
35034.1
33583.6
32188.7
30850
29569
28347.7
27189.9
26101.4
25090.6
24169.2
23350.5
22651.6
22080.4
21655.4
21362.1
21207.6
21121.8
21065
21037.3
21048.3
21007.6
21057.9
20957
21065.6
20924.4
21051.3
20937.4
20970.4
20944.4
20972.2
20955.5
20978.9
20972.3
20989.2
20989
20995.5
21005.6
21014.3
21020.8
21025.7
21029.2
21031.5
21033
21034.5
21037.1
21042.6
21047.3
21045.9
21031.9
20976.2
20773.4
20108.9
17637.8
11778.2
8226.36
7106.83
6916.55
6899.09
6897.22
6897.02
6897
6897
68970
68970
68970
68970
68970
68970
68970
68970
68970
68970
68970
68970
68969.9
68969.5
68968.3
68964.4
68952
68914.1
68800.7
68472.4
67547
65309.6
63111.3
61456.1
59746.7
57953.2
56094.6
54199.5
52292.6
50393.1
48514.7
46667.7
44859.5
43095.3
41379
39713.1
38099.6
36539.6
35034.1
33583.6
32188.7
30850
29569
28347.7
27189.9
26101.4
25090.6
24169.2
23350.5
22651.6
22080.4
21655.4
21362.1
21207.6
21121.8
21065
21037.3
21048.3
21007.6
21057.9
20957
21065.6
20924.4
21051.3
20937.4
20970.4
20944.4
20972.2
20955.5
20978.9
20972.3
20989.2
20989
20995.5
21005.6
21014.3
21020.8
21025.7
21029.2
21031.5
21033
21034.5
21037.1
21042.6
21047.3
21045.9
21031.9
20976.2
20773.4
20108.9
17637.8
11778.2
8226.36
7106.83
6916.55
6899.09
6897.22
6897.02
6897
6897
68970
68970
68970
68970
68970
68970
68970
68970
68970
68970
68970
68970
68969.9
68969.5
68968.3
68964.4
68952
68914.1
68800.7
68472.4
67547
65309.6
63111.3
61456.1
59746.7
57953.2
56094.6
54199.5
52292.6
50393.1
48514.7
46667.7
44859.5
43095.3
41379
39713.1
38099.6
36539.6
35034.1
33583.6
32188.7
30850
29569
28347.7
27189.9
26101.4
25090.6
24169.2
23350.5
22651.6
22080.4
21655.4
21362.1
21207.6
21121.8
21065
21037.3
21048.3
21007.6
21057.9
20957
21065.6
20924.4
21051.3
20937.4
20970.4
20944.4
20972.2
20955.5
20978.9
20972.3
20989.2
20989
20995.5
21005.6
21014.3
21020.8
21025.7
21029.2
21031.5
21033
21034.5
21037.1
21042.6
21047.3
21045.9
21031.9
20976.2
20773.4
20108.9
17637.8
11778.2
8226.36
7106.83
6916.55
6899.09
6897.22
6897.02
6897
6897
68970
68970
68970
68970
68970
68970
68970
68970
68970
68970
68970
68970
68969.9
68969.5
68968.3
68964.4
68952
68914.1
68800.7
68472.4
67547
65309.6
63111.3
61456.1
59746.7
57953.2
56094.6
54199.5
52292.6
50393.1
48514.7
46667.7
44859.5
43095.3
41379
39713.1
38099.6
36539.6
35034.1
33583.6
32188.7
30850
29569
28347.7
27189.9
26101.4
25090.6
24169.2
23350.5
22651.6
22080.4
21655.4
21362.1
21207.6
21121.8
21065
21037.3
21048.3
21007.6
21057.9
20957
21065.6
20924.4
21051.3
20937.4
20970.4
20944.4
20972.2
20955.5
20978.9
20972.3
20989.2
20989
20995.5
21005.6
21014.3
21020.8
21025.7
21029.2
21031.5
21033
21034.5
21037.1
21042.6
21047.3
21045.9
21031.9
20976.2
20773.4
20108.9
17637.8
11778.2
8226.36
7106.83
6916.55
6899.09
6897.22
6897.02
6897
6897
)
;

boundaryField
{
    sides1
    {
        type            zeroGradient;
    }
    sides2
    {
        type            slip;
    }
    empty
    {
        type            empty;
    }
}


// ************************************************************************* //
