/*--------------------------------*- C++ -*----------------------------------*\
| =========                 |                                                 |
| \\      /  F ield         | OpenFOAM: The Open Source CFD Toolbox           |
|  \\    /   O peration     | Version:  3.0.0                                 |
|   \\  /    A nd           | Web:      www.OpenFOAM.org                      |
|    \\/     M anipulation  |                                                 |
\*---------------------------------------------------------------------------*/
FoamFile
{
    version     2.0;
    format      ascii;
    class       volScalarField;
    location    "0.00025";
    object      rho;
}
// * * * * * * * * * * * * * * * * * * * * * * * * * * * * * * * * * * * * * //

dimensions      [1 -3 0 0 0 0 0];

internalField   nonuniform List<scalar> 
1000
(
0.831602
0.831602
0.831602
0.831602
0.831602
0.831602
0.831602
0.831602
0.831602
0.831602
0.831602
0.831602
0.831601
0.831598
0.831587
0.831553
0.831445
0.831112
0.830121
0.827263
0.819418
0.801799
0.782888
0.767985
0.752675
0.736467
0.719465
0.701919
0.684055
0.666052
0.648042
0.630128
0.612385
0.594873
0.577635
0.560707
0.544115
0.527883
0.512028
0.496567
0.481516
0.466895
0.452726
0.439045
0.425903
0.413377
0.401574
0.390649
0.38077
0.372184
0.364992
0.359506
0.355514
0.353331
0.352062
0.351106
0.350387
0.35013
0.349046
0.348818
0.346354
0.346004
0.341849
0.340232
0.334566
0.329646
0.32283
0.315585
0.306919
0.298095
0.288643
0.279487
0.270534
0.262278
0.254887
0.248412
0.242883
0.23829
0.234573
0.231644
0.229399
0.227728
0.226532
0.225723
0.225175
0.224775
0.224409
0.223774
0.221922
0.216041
0.193656
0.140791
0.112591
0.105575
0.104168
0.103979
0.103958
0.103956
0.103956
0.103956
0.831602
0.831602
0.831602
0.831602
0.831602
0.831602
0.831602
0.831602
0.831602
0.831602
0.831602
0.831602
0.831601
0.831598
0.831587
0.831553
0.831445
0.831112
0.830121
0.827263
0.819418
0.801799
0.782888
0.767985
0.752675
0.736467
0.719465
0.701919
0.684055
0.666052
0.648042
0.630128
0.612385
0.594873
0.577635
0.560707
0.544115
0.527883
0.512028
0.496567
0.481516
0.466895
0.452726
0.439045
0.425903
0.413377
0.401574
0.390649
0.38077
0.372184
0.364992
0.359506
0.355514
0.353331
0.352062
0.351106
0.350387
0.35013
0.349046
0.348818
0.346354
0.346004
0.341849
0.340232
0.334566
0.329646
0.32283
0.315585
0.306919
0.298095
0.288643
0.279487
0.270534
0.262278
0.254887
0.248412
0.242883
0.23829
0.234573
0.231644
0.229399
0.227728
0.226532
0.225723
0.225175
0.224775
0.224409
0.223774
0.221922
0.216041
0.193656
0.140791
0.112591
0.105575
0.104168
0.103979
0.103958
0.103956
0.103956
0.103956
0.831602
0.831602
0.831602
0.831602
0.831602
0.831602
0.831602
0.831602
0.831602
0.831602
0.831602
0.831602
0.831601
0.831598
0.831587
0.831553
0.831445
0.831112
0.830121
0.827263
0.819418
0.801799
0.782888
0.767985
0.752675
0.736467
0.719465
0.701919
0.684055
0.666052
0.648042
0.630128
0.612385
0.594873
0.577635
0.560707
0.544115
0.527883
0.512028
0.496567
0.481516
0.466895
0.452726
0.439045
0.425903
0.413377
0.401574
0.390649
0.38077
0.372184
0.364992
0.359506
0.355514
0.353331
0.352062
0.351106
0.350387
0.35013
0.349046
0.348818
0.346354
0.346004
0.341849
0.340232
0.334566
0.329646
0.32283
0.315585
0.306919
0.298095
0.288643
0.279487
0.270534
0.262278
0.254887
0.248412
0.242883
0.23829
0.234573
0.231644
0.229399
0.227728
0.226532
0.225723
0.225175
0.224775
0.224409
0.223774
0.221922
0.216041
0.193656
0.140791
0.112591
0.105575
0.104168
0.103979
0.103958
0.103956
0.103956
0.103956
0.831602
0.831602
0.831602
0.831602
0.831602
0.831602
0.831602
0.831602
0.831602
0.831602
0.831602
0.831602
0.831601
0.831598
0.831587
0.831553
0.831445
0.831112
0.830121
0.827263
0.819418
0.801799
0.782888
0.767985
0.752675
0.736467
0.719465
0.701919
0.684055
0.666052
0.648042
0.630128
0.612385
0.594873
0.577635
0.560707
0.544115
0.527883
0.512028
0.496567
0.481516
0.466895
0.452726
0.439045
0.425903
0.413377
0.401574
0.390649
0.38077
0.372184
0.364992
0.359506
0.355514
0.353331
0.352062
0.351106
0.350387
0.35013
0.349046
0.348818
0.346354
0.346004
0.341849
0.340232
0.334566
0.329646
0.32283
0.315585
0.306919
0.298095
0.288643
0.279487
0.270534
0.262278
0.254887
0.248412
0.242883
0.23829
0.234573
0.231644
0.229399
0.227728
0.226532
0.225723
0.225175
0.224775
0.224409
0.223774
0.221922
0.216041
0.193656
0.140791
0.112591
0.105575
0.104168
0.103979
0.103958
0.103956
0.103956
0.103956
0.831602
0.831602
0.831602
0.831602
0.831602
0.831602
0.831602
0.831602
0.831602
0.831602
0.831602
0.831602
0.831601
0.831598
0.831587
0.831553
0.831445
0.831112
0.830121
0.827263
0.819418
0.801799
0.782888
0.767985
0.752675
0.736467
0.719465
0.701919
0.684055
0.666052
0.648042
0.630128
0.612385
0.594873
0.577635
0.560707
0.544115
0.527883
0.512028
0.496567
0.481516
0.466895
0.452726
0.439045
0.425903
0.413377
0.401574
0.390649
0.38077
0.372184
0.364992
0.359506
0.355514
0.353331
0.352062
0.351106
0.350387
0.35013
0.349046
0.348818
0.346354
0.346004
0.341849
0.340232
0.334566
0.329646
0.32283
0.315585
0.306919
0.298095
0.288643
0.279487
0.270534
0.262278
0.254887
0.248412
0.242883
0.23829
0.234573
0.231644
0.229399
0.227728
0.226532
0.225723
0.225175
0.224775
0.224409
0.223774
0.221922
0.216041
0.193656
0.140791
0.112591
0.105575
0.104168
0.103979
0.103958
0.103956
0.103956
0.103956
0.831602
0.831602
0.831602
0.831602
0.831602
0.831602
0.831602
0.831602
0.831602
0.831602
0.831602
0.831602
0.831601
0.831598
0.831587
0.831553
0.831445
0.831112
0.830121
0.827263
0.819418
0.801799
0.782888
0.767985
0.752675
0.736467
0.719465
0.701919
0.684055
0.666052
0.648042
0.630128
0.612385
0.594873
0.577635
0.560707
0.544115
0.527883
0.512028
0.496567
0.481516
0.466895
0.452726
0.439045
0.425903
0.413377
0.401574
0.390649
0.38077
0.372184
0.364992
0.359506
0.355514
0.353331
0.352062
0.351106
0.350387
0.35013
0.349046
0.348818
0.346354
0.346004
0.341849
0.340232
0.334566
0.329646
0.32283
0.315585
0.306919
0.298095
0.288643
0.279487
0.270534
0.262278
0.254887
0.248412
0.242883
0.23829
0.234573
0.231644
0.229399
0.227728
0.226532
0.225723
0.225175
0.224775
0.224409
0.223774
0.221922
0.216041
0.193656
0.140791
0.112591
0.105575
0.104168
0.103979
0.103958
0.103956
0.103956
0.103956
0.831602
0.831602
0.831602
0.831602
0.831602
0.831602
0.831602
0.831602
0.831602
0.831602
0.831602
0.831602
0.831601
0.831598
0.831587
0.831553
0.831445
0.831112
0.830121
0.827263
0.819418
0.801799
0.782888
0.767985
0.752675
0.736467
0.719465
0.701919
0.684055
0.666052
0.648042
0.630128
0.612385
0.594873
0.577635
0.560707
0.544115
0.527883
0.512028
0.496567
0.481516
0.466895
0.452726
0.439045
0.425903
0.413377
0.401574
0.390649
0.38077
0.372184
0.364992
0.359506
0.355514
0.353331
0.352062
0.351106
0.350387
0.35013
0.349046
0.348818
0.346354
0.346004
0.341849
0.340232
0.334566
0.329646
0.32283
0.315585
0.306919
0.298095
0.288643
0.279487
0.270534
0.262278
0.254887
0.248412
0.242883
0.23829
0.234573
0.231644
0.229399
0.227728
0.226532
0.225723
0.225175
0.224775
0.224409
0.223774
0.221922
0.216041
0.193656
0.140791
0.112591
0.105575
0.104168
0.103979
0.103958
0.103956
0.103956
0.103956
0.831602
0.831602
0.831602
0.831602
0.831602
0.831602
0.831602
0.831602
0.831602
0.831602
0.831602
0.831602
0.831601
0.831598
0.831587
0.831553
0.831445
0.831112
0.830121
0.827263
0.819418
0.801799
0.782888
0.767985
0.752675
0.736467
0.719465
0.701919
0.684055
0.666052
0.648042
0.630128
0.612385
0.594873
0.577635
0.560707
0.544115
0.527883
0.512028
0.496567
0.481516
0.466895
0.452726
0.439045
0.425903
0.413377
0.401574
0.390649
0.38077
0.372184
0.364992
0.359506
0.355514
0.353331
0.352062
0.351106
0.350387
0.35013
0.349046
0.348818
0.346354
0.346004
0.341849
0.340232
0.334566
0.329646
0.32283
0.315585
0.306919
0.298095
0.288643
0.279487
0.270534
0.262278
0.254887
0.248412
0.242883
0.23829
0.234573
0.231644
0.229399
0.227728
0.226532
0.225723
0.225175
0.224775
0.224409
0.223774
0.221922
0.216041
0.193656
0.140791
0.112591
0.105575
0.104168
0.103979
0.103958
0.103956
0.103956
0.103956
0.831602
0.831602
0.831602
0.831602
0.831602
0.831602
0.831602
0.831602
0.831602
0.831602
0.831602
0.831602
0.831601
0.831598
0.831587
0.831553
0.831445
0.831112
0.830121
0.827263
0.819418
0.801799
0.782888
0.767985
0.752675
0.736467
0.719465
0.701919
0.684055
0.666052
0.648042
0.630128
0.612385
0.594873
0.577635
0.560707
0.544115
0.527883
0.512028
0.496567
0.481516
0.466895
0.452726
0.439045
0.425903
0.413377
0.401574
0.390649
0.38077
0.372184
0.364992
0.359506
0.355514
0.353331
0.352062
0.351106
0.350387
0.35013
0.349046
0.348818
0.346354
0.346004
0.341849
0.340232
0.334566
0.329646
0.32283
0.315585
0.306919
0.298095
0.288643
0.279487
0.270534
0.262278
0.254887
0.248412
0.242883
0.23829
0.234573
0.231644
0.229399
0.227728
0.226532
0.225723
0.225175
0.224775
0.224409
0.223774
0.221922
0.216041
0.193656
0.140791
0.112591
0.105575
0.104168
0.103979
0.103958
0.103956
0.103956
0.103956
0.831602
0.831602
0.831602
0.831602
0.831602
0.831602
0.831602
0.831602
0.831602
0.831602
0.831602
0.831602
0.831601
0.831598
0.831587
0.831553
0.831445
0.831112
0.830121
0.827263
0.819418
0.801799
0.782888
0.767985
0.752675
0.736467
0.719465
0.701919
0.684055
0.666052
0.648042
0.630128
0.612385
0.594873
0.577635
0.560707
0.544115
0.527883
0.512028
0.496567
0.481516
0.466895
0.452726
0.439045
0.425903
0.413377
0.401574
0.390649
0.38077
0.372184
0.364992
0.359506
0.355514
0.353331
0.352062
0.351106
0.350387
0.35013
0.349046
0.348818
0.346354
0.346004
0.341849
0.340232
0.334566
0.329646
0.32283
0.315585
0.306919
0.298095
0.288643
0.279487
0.270534
0.262278
0.254887
0.248412
0.242883
0.23829
0.234573
0.231644
0.229399
0.227728
0.226532
0.225723
0.225175
0.224775
0.224409
0.223774
0.221922
0.216041
0.193656
0.140791
0.112591
0.105575
0.104168
0.103979
0.103958
0.103956
0.103956
0.103956
)
;

boundaryField
{
    sides1
    {
        type            calculated;
        value           nonuniform List<scalar> 
20
(
0.103956
0.103956
0.103956
0.103956
0.103956
0.103956
0.103956
0.103956
0.103956
0.103956
0.831602
0.831602
0.831602
0.831602
0.831602
0.831602
0.831602
0.831602
0.831602
0.831602
)
;
    }
    sides2
    {
        type            calculated;
        value           nonuniform List<scalar> 
200
(
0.831602
0.831602
0.831602
0.831602
0.831602
0.831602
0.831602
0.831602
0.831602
0.831602
0.831602
0.831602
0.831601
0.831598
0.831587
0.831553
0.831445
0.831112
0.830121
0.827263
0.819418
0.801799
0.782888
0.767985
0.752675
0.736467
0.719465
0.701919
0.684055
0.666052
0.648042
0.630128
0.612385
0.594873
0.577635
0.560707
0.544115
0.527883
0.512028
0.496567
0.481516
0.466895
0.452726
0.439045
0.425903
0.413377
0.401574
0.390649
0.38077
0.372184
0.364992
0.359506
0.355514
0.353331
0.352062
0.351106
0.350387
0.35013
0.349046
0.348818
0.346354
0.346004
0.341849
0.340232
0.334566
0.329646
0.32283
0.315585
0.306919
0.298095
0.288643
0.279487
0.270534
0.262278
0.254887
0.248412
0.242883
0.23829
0.234573
0.231644
0.229399
0.227728
0.226532
0.225723
0.225175
0.224775
0.224409
0.223774
0.221922
0.216041
0.193656
0.140791
0.112591
0.105575
0.104168
0.103979
0.103958
0.103956
0.103956
0.103956
0.831602
0.831602
0.831602
0.831602
0.831602
0.831602
0.831602
0.831602
0.831602
0.831602
0.831602
0.831602
0.831601
0.831598
0.831587
0.831553
0.831445
0.831112
0.830121
0.827263
0.819418
0.801799
0.782888
0.767985
0.752675
0.736467
0.719465
0.701919
0.684055
0.666052
0.648042
0.630128
0.612385
0.594873
0.577635
0.560707
0.544115
0.527883
0.512028
0.496567
0.481516
0.466895
0.452726
0.439045
0.425903
0.413377
0.401574
0.390649
0.38077
0.372184
0.364992
0.359506
0.355514
0.353331
0.352062
0.351106
0.350387
0.35013
0.349046
0.348818
0.346354
0.346004
0.341849
0.340232
0.334566
0.329646
0.32283
0.315585
0.306919
0.298095
0.288643
0.279487
0.270534
0.262278
0.254887
0.248412
0.242883
0.23829
0.234573
0.231644
0.229399
0.227728
0.226532
0.225723
0.225175
0.224775
0.224409
0.223774
0.221922
0.216041
0.193656
0.140791
0.112591
0.105575
0.104168
0.103979
0.103958
0.103956
0.103956
0.103956
)
;
    }
    empty
    {
        type            empty;
    }
}


// ************************************************************************* //
