/*--------------------------------*- C++ -*----------------------------------*\
| =========                 |                                                 |
| \\      /  F ield         | OpenFOAM: The Open Source CFD Toolbox           |
|  \\    /   O peration     | Version:  3.0.0                                 |
|   \\  /    A nd           | Web:      www.OpenFOAM.org                      |
|    \\/     M anipulation  |                                                 |
\*---------------------------------------------------------------------------*/
FoamFile
{
    version     2.0;
    format      ascii;
    class       volScalarField;
    location    "0.00025";
    object      T;
}
// * * * * * * * * * * * * * * * * * * * * * * * * * * * * * * * * * * * * * //

dimensions      [0 0 0 1 0 0 0];

internalField   nonuniform List<scalar> 
1000
(
288.89
288.89
288.89
288.89
288.89
288.89
288.89
288.89
288.89
288.89
288.89
288.89
288.89
288.889
288.888
288.884
288.869
288.826
288.695
288.31
287.137
283.726
280.799
278.74
276.499
274.102
271.581
268.965
266.279
263.543
260.77
257.974
255.163
252.345
249.525
246.71
243.903
241.11
238.334
235.579
232.852
230.157
227.504
224.904
222.375
219.941
217.637
215.508
213.61
211.997
210.723
209.821
209.303
209.073
208.977
208.984
209.137
209.4
209.644
210.283
210.765
212.071
213.21
215.522
217.986
221.588
225.987
231.481
237.827
245.141
253.088
261.59
270.245
278.839
287.062
294.666
301.467
307.349
312.271
316.254
319.373
321.738
323.478
324.722
325.584
326.143
326.458
326.517
326.058
324.219
317.249
291.402
254.503
234.478
231.283
231.119
231.102
231.1
231.1
231.1
288.89
288.89
288.89
288.89
288.89
288.89
288.89
288.89
288.89
288.89
288.89
288.89
288.89
288.889
288.888
288.884
288.869
288.826
288.695
288.31
287.137
283.726
280.799
278.74
276.499
274.102
271.581
268.965
266.279
263.543
260.77
257.974
255.163
252.345
249.525
246.71
243.903
241.11
238.334
235.579
232.852
230.157
227.504
224.904
222.375
219.941
217.637
215.508
213.61
211.997
210.723
209.821
209.303
209.073
208.977
208.984
209.137
209.4
209.644
210.283
210.765
212.071
213.21
215.522
217.986
221.588
225.987
231.481
237.827
245.141
253.088
261.59
270.245
278.839
287.062
294.666
301.467
307.349
312.271
316.254
319.373
321.738
323.478
324.722
325.584
326.143
326.458
326.517
326.058
324.219
317.249
291.402
254.503
234.478
231.283
231.119
231.102
231.1
231.1
231.1
288.89
288.89
288.89
288.89
288.89
288.89
288.89
288.89
288.89
288.89
288.89
288.89
288.89
288.889
288.888
288.884
288.869
288.826
288.695
288.31
287.137
283.726
280.799
278.74
276.499
274.102
271.581
268.965
266.279
263.543
260.77
257.974
255.163
252.345
249.525
246.71
243.903
241.11
238.334
235.579
232.852
230.157
227.504
224.904
222.375
219.941
217.637
215.508
213.61
211.997
210.723
209.821
209.303
209.073
208.977
208.984
209.137
209.4
209.644
210.283
210.765
212.071
213.21
215.522
217.986
221.588
225.987
231.481
237.827
245.141
253.088
261.59
270.245
278.839
287.062
294.666
301.467
307.349
312.271
316.254
319.373
321.738
323.478
324.722
325.584
326.143
326.458
326.517
326.058
324.219
317.249
291.402
254.503
234.478
231.283
231.119
231.102
231.1
231.1
231.1
288.89
288.89
288.89
288.89
288.89
288.89
288.89
288.89
288.89
288.89
288.89
288.89
288.89
288.889
288.888
288.884
288.869
288.826
288.695
288.31
287.137
283.726
280.799
278.74
276.499
274.102
271.581
268.965
266.279
263.543
260.77
257.974
255.163
252.345
249.525
246.71
243.903
241.11
238.334
235.579
232.852
230.157
227.504
224.904
222.375
219.941
217.637
215.508
213.61
211.997
210.723
209.821
209.303
209.073
208.977
208.984
209.137
209.4
209.644
210.283
210.765
212.071
213.21
215.522
217.986
221.588
225.987
231.481
237.827
245.141
253.088
261.59
270.245
278.839
287.062
294.666
301.467
307.349
312.271
316.254
319.373
321.738
323.478
324.722
325.584
326.143
326.458
326.517
326.058
324.219
317.249
291.402
254.503
234.478
231.283
231.119
231.102
231.1
231.1
231.1
288.89
288.89
288.89
288.89
288.89
288.89
288.89
288.89
288.89
288.89
288.89
288.89
288.89
288.889
288.888
288.884
288.869
288.826
288.695
288.31
287.137
283.726
280.799
278.74
276.499
274.102
271.581
268.965
266.279
263.543
260.77
257.974
255.163
252.345
249.525
246.71
243.903
241.11
238.334
235.579
232.852
230.157
227.504
224.904
222.375
219.941
217.637
215.508
213.61
211.997
210.723
209.821
209.303
209.073
208.977
208.984
209.137
209.4
209.644
210.283
210.765
212.071
213.21
215.522
217.986
221.588
225.987
231.481
237.827
245.141
253.088
261.59
270.245
278.839
287.062
294.666
301.467
307.349
312.271
316.254
319.373
321.738
323.478
324.722
325.584
326.143
326.458
326.517
326.058
324.219
317.249
291.402
254.503
234.478
231.283
231.119
231.102
231.1
231.1
231.1
288.89
288.89
288.89
288.89
288.89
288.89
288.89
288.89
288.89
288.89
288.89
288.89
288.89
288.889
288.888
288.884
288.869
288.826
288.695
288.31
287.137
283.726
280.799
278.74
276.499
274.102
271.581
268.965
266.279
263.543
260.77
257.974
255.163
252.345
249.525
246.71
243.903
241.11
238.334
235.579
232.852
230.157
227.504
224.904
222.375
219.941
217.637
215.508
213.61
211.997
210.723
209.821
209.303
209.073
208.977
208.984
209.137
209.4
209.644
210.283
210.765
212.071
213.21
215.522
217.986
221.588
225.987
231.481
237.827
245.141
253.088
261.59
270.245
278.839
287.062
294.666
301.467
307.349
312.271
316.254
319.373
321.738
323.478
324.722
325.584
326.143
326.458
326.517
326.058
324.219
317.249
291.402
254.503
234.478
231.283
231.119
231.102
231.1
231.1
231.1
288.89
288.89
288.89
288.89
288.89
288.89
288.89
288.89
288.89
288.89
288.89
288.89
288.89
288.889
288.888
288.884
288.869
288.826
288.695
288.31
287.137
283.726
280.799
278.74
276.499
274.102
271.581
268.965
266.279
263.543
260.77
257.974
255.163
252.345
249.525
246.71
243.903
241.11
238.334
235.579
232.852
230.157
227.504
224.904
222.375
219.941
217.637
215.508
213.61
211.997
210.723
209.821
209.303
209.073
208.977
208.984
209.137
209.4
209.644
210.283
210.765
212.071
213.21
215.522
217.986
221.588
225.987
231.481
237.827
245.141
253.088
261.59
270.245
278.839
287.062
294.666
301.467
307.349
312.271
316.254
319.373
321.738
323.478
324.722
325.584
326.143
326.458
326.517
326.058
324.219
317.249
291.402
254.503
234.478
231.283
231.119
231.102
231.1
231.1
231.1
288.89
288.89
288.89
288.89
288.89
288.89
288.89
288.89
288.89
288.89
288.89
288.89
288.89
288.889
288.888
288.884
288.869
288.826
288.695
288.31
287.137
283.726
280.799
278.74
276.499
274.102
271.581
268.965
266.279
263.543
260.77
257.974
255.163
252.345
249.525
246.71
243.903
241.11
238.334
235.579
232.852
230.157
227.504
224.904
222.375
219.941
217.637
215.508
213.61
211.997
210.723
209.821
209.303
209.073
208.977
208.984
209.137
209.4
209.644
210.283
210.765
212.071
213.21
215.522
217.986
221.588
225.987
231.481
237.827
245.141
253.088
261.59
270.245
278.839
287.062
294.666
301.467
307.349
312.271
316.254
319.373
321.738
323.478
324.722
325.584
326.143
326.458
326.517
326.058
324.219
317.249
291.402
254.503
234.478
231.283
231.119
231.102
231.1
231.1
231.1
288.89
288.89
288.89
288.89
288.89
288.89
288.89
288.89
288.89
288.89
288.89
288.89
288.89
288.889
288.888
288.884
288.869
288.826
288.695
288.31
287.137
283.726
280.799
278.74
276.499
274.102
271.581
268.965
266.279
263.543
260.77
257.974
255.163
252.345
249.525
246.71
243.903
241.11
238.334
235.579
232.852
230.157
227.504
224.904
222.375
219.941
217.637
215.508
213.61
211.997
210.723
209.821
209.303
209.073
208.977
208.984
209.137
209.4
209.644
210.283
210.765
212.071
213.21
215.522
217.986
221.588
225.987
231.481
237.827
245.141
253.088
261.59
270.245
278.839
287.062
294.666
301.467
307.349
312.271
316.254
319.373
321.738
323.478
324.722
325.584
326.143
326.458
326.517
326.058
324.219
317.249
291.402
254.503
234.478
231.283
231.119
231.102
231.1
231.1
231.1
288.89
288.89
288.89
288.89
288.89
288.89
288.89
288.89
288.89
288.89
288.89
288.89
288.89
288.889
288.888
288.884
288.869
288.826
288.695
288.31
287.137
283.726
280.799
278.74
276.499
274.102
271.581
268.965
266.279
263.543
260.77
257.974
255.163
252.345
249.525
246.71
243.903
241.11
238.334
235.579
232.852
230.157
227.504
224.904
222.375
219.941
217.637
215.508
213.61
211.997
210.723
209.821
209.303
209.073
208.977
208.984
209.137
209.4
209.644
210.283
210.765
212.071
213.21
215.522
217.986
221.588
225.987
231.481
237.827
245.141
253.088
261.59
270.245
278.839
287.062
294.666
301.467
307.349
312.271
316.254
319.373
321.738
323.478
324.722
325.584
326.143
326.458
326.517
326.058
324.219
317.249
291.402
254.503
234.478
231.283
231.119
231.102
231.1
231.1
231.1
)
;

boundaryField
{
    sides1
    {
        type            zeroGradient;
    }
    sides2
    {
        type            slip;
    }
    empty
    {
        type            empty;
    }
}


// ************************************************************************* //
