/*--------------------------------*- C++ -*----------------------------------*\
| =========                 |                                                 |
| \\      /  F ield         | OpenFOAM: The Open Source CFD Toolbox           |
|  \\    /   O peration     | Version:  3.0.0                                 |
|   \\  /    A nd           | Web:      www.OpenFOAM.org                      |
|    \\/     M anipulation  |                                                 |
\*---------------------------------------------------------------------------*/
FoamFile
{
    version     2.0;
    format      ascii;
    class       volScalarField;
    location    "0.00025";
    object      thermo:psi;
}
// * * * * * * * * * * * * * * * * * * * * * * * * * * * * * * * * * * * * * //

dimensions      [0 -2 2 0 0 0 0];

internalField   nonuniform List<scalar> 
1000
(
1.20575e-05
1.20575e-05
1.20575e-05
1.20575e-05
1.20575e-05
1.20575e-05
1.20575e-05
1.20575e-05
1.20575e-05
1.20575e-05
1.20575e-05
1.20575e-05
1.20575e-05
1.20575e-05
1.20575e-05
1.20577e-05
1.20583e-05
1.20601e-05
1.20656e-05
1.20817e-05
1.21311e-05
1.22769e-05
1.24049e-05
1.24965e-05
1.25978e-05
1.2708e-05
1.28259e-05
1.29507e-05
1.30813e-05
1.32171e-05
1.33576e-05
1.35024e-05
1.36512e-05
1.38037e-05
1.39596e-05
1.41189e-05
1.42814e-05
1.44469e-05
1.46151e-05
1.4786e-05
1.49592e-05
1.51343e-05
1.53108e-05
1.54878e-05
1.5664e-05
1.58373e-05
1.6005e-05
1.61631e-05
1.63068e-05
1.64308e-05
1.65301e-05
1.66012e-05
1.66423e-05
1.66606e-05
1.66682e-05
1.66677e-05
1.66555e-05
1.66346e-05
1.66152e-05
1.65647e-05
1.65268e-05
1.64251e-05
1.63373e-05
1.6162e-05
1.59794e-05
1.57196e-05
1.54136e-05
1.50478e-05
1.46462e-05
1.42093e-05
1.37631e-05
1.33158e-05
1.28893e-05
1.24921e-05
1.21342e-05
1.18211e-05
1.15544e-05
1.13333e-05
1.11547e-05
1.10142e-05
1.09066e-05
1.08264e-05
1.07682e-05
1.0727e-05
1.06986e-05
1.06802e-05
1.06699e-05
1.0668e-05
1.0683e-05
1.07436e-05
1.09796e-05
1.19535e-05
1.36866e-05
1.48555e-05
1.50606e-05
1.50714e-05
1.50725e-05
1.50726e-05
1.50726e-05
1.50726e-05
1.20575e-05
1.20575e-05
1.20575e-05
1.20575e-05
1.20575e-05
1.20575e-05
1.20575e-05
1.20575e-05
1.20575e-05
1.20575e-05
1.20575e-05
1.20575e-05
1.20575e-05
1.20575e-05
1.20575e-05
1.20577e-05
1.20583e-05
1.20601e-05
1.20656e-05
1.20817e-05
1.21311e-05
1.22769e-05
1.24049e-05
1.24965e-05
1.25978e-05
1.2708e-05
1.28259e-05
1.29507e-05
1.30813e-05
1.32171e-05
1.33576e-05
1.35024e-05
1.36512e-05
1.38037e-05
1.39596e-05
1.41189e-05
1.42814e-05
1.44469e-05
1.46151e-05
1.4786e-05
1.49592e-05
1.51343e-05
1.53108e-05
1.54878e-05
1.5664e-05
1.58373e-05
1.6005e-05
1.61631e-05
1.63068e-05
1.64308e-05
1.65301e-05
1.66012e-05
1.66423e-05
1.66606e-05
1.66682e-05
1.66677e-05
1.66555e-05
1.66346e-05
1.66152e-05
1.65647e-05
1.65268e-05
1.64251e-05
1.63373e-05
1.6162e-05
1.59794e-05
1.57196e-05
1.54136e-05
1.50478e-05
1.46462e-05
1.42093e-05
1.37631e-05
1.33158e-05
1.28893e-05
1.24921e-05
1.21342e-05
1.18211e-05
1.15544e-05
1.13333e-05
1.11547e-05
1.10142e-05
1.09066e-05
1.08264e-05
1.07682e-05
1.0727e-05
1.06986e-05
1.06802e-05
1.06699e-05
1.0668e-05
1.0683e-05
1.07436e-05
1.09796e-05
1.19535e-05
1.36866e-05
1.48555e-05
1.50606e-05
1.50714e-05
1.50725e-05
1.50726e-05
1.50726e-05
1.50726e-05
1.20575e-05
1.20575e-05
1.20575e-05
1.20575e-05
1.20575e-05
1.20575e-05
1.20575e-05
1.20575e-05
1.20575e-05
1.20575e-05
1.20575e-05
1.20575e-05
1.20575e-05
1.20575e-05
1.20575e-05
1.20577e-05
1.20583e-05
1.20601e-05
1.20656e-05
1.20817e-05
1.21311e-05
1.22769e-05
1.24049e-05
1.24965e-05
1.25978e-05
1.2708e-05
1.28259e-05
1.29507e-05
1.30813e-05
1.32171e-05
1.33576e-05
1.35024e-05
1.36512e-05
1.38037e-05
1.39596e-05
1.41189e-05
1.42814e-05
1.44469e-05
1.46151e-05
1.4786e-05
1.49592e-05
1.51343e-05
1.53108e-05
1.54878e-05
1.5664e-05
1.58373e-05
1.6005e-05
1.61631e-05
1.63068e-05
1.64308e-05
1.65301e-05
1.66012e-05
1.66423e-05
1.66606e-05
1.66682e-05
1.66677e-05
1.66555e-05
1.66346e-05
1.66152e-05
1.65647e-05
1.65268e-05
1.64251e-05
1.63373e-05
1.6162e-05
1.59794e-05
1.57196e-05
1.54136e-05
1.50478e-05
1.46462e-05
1.42093e-05
1.37631e-05
1.33158e-05
1.28893e-05
1.24921e-05
1.21342e-05
1.18211e-05
1.15544e-05
1.13333e-05
1.11547e-05
1.10142e-05
1.09066e-05
1.08264e-05
1.07682e-05
1.0727e-05
1.06986e-05
1.06802e-05
1.06699e-05
1.0668e-05
1.0683e-05
1.07436e-05
1.09796e-05
1.19535e-05
1.36866e-05
1.48555e-05
1.50606e-05
1.50714e-05
1.50725e-05
1.50726e-05
1.50726e-05
1.50726e-05
1.20575e-05
1.20575e-05
1.20575e-05
1.20575e-05
1.20575e-05
1.20575e-05
1.20575e-05
1.20575e-05
1.20575e-05
1.20575e-05
1.20575e-05
1.20575e-05
1.20575e-05
1.20575e-05
1.20575e-05
1.20577e-05
1.20583e-05
1.20601e-05
1.20656e-05
1.20817e-05
1.21311e-05
1.22769e-05
1.24049e-05
1.24965e-05
1.25978e-05
1.2708e-05
1.28259e-05
1.29507e-05
1.30813e-05
1.32171e-05
1.33576e-05
1.35024e-05
1.36512e-05
1.38037e-05
1.39596e-05
1.41189e-05
1.42814e-05
1.44469e-05
1.46151e-05
1.4786e-05
1.49592e-05
1.51343e-05
1.53108e-05
1.54878e-05
1.5664e-05
1.58373e-05
1.6005e-05
1.61631e-05
1.63068e-05
1.64308e-05
1.65301e-05
1.66012e-05
1.66423e-05
1.66606e-05
1.66682e-05
1.66677e-05
1.66555e-05
1.66346e-05
1.66152e-05
1.65647e-05
1.65268e-05
1.64251e-05
1.63373e-05
1.6162e-05
1.59794e-05
1.57196e-05
1.54136e-05
1.50478e-05
1.46462e-05
1.42093e-05
1.37631e-05
1.33158e-05
1.28893e-05
1.24921e-05
1.21342e-05
1.18211e-05
1.15544e-05
1.13333e-05
1.11547e-05
1.10142e-05
1.09066e-05
1.08264e-05
1.07682e-05
1.0727e-05
1.06986e-05
1.06802e-05
1.06699e-05
1.0668e-05
1.0683e-05
1.07436e-05
1.09796e-05
1.19535e-05
1.36866e-05
1.48555e-05
1.50606e-05
1.50714e-05
1.50725e-05
1.50726e-05
1.50726e-05
1.50726e-05
1.20575e-05
1.20575e-05
1.20575e-05
1.20575e-05
1.20575e-05
1.20575e-05
1.20575e-05
1.20575e-05
1.20575e-05
1.20575e-05
1.20575e-05
1.20575e-05
1.20575e-05
1.20575e-05
1.20575e-05
1.20577e-05
1.20583e-05
1.20601e-05
1.20656e-05
1.20817e-05
1.21311e-05
1.22769e-05
1.24049e-05
1.24965e-05
1.25978e-05
1.2708e-05
1.28259e-05
1.29507e-05
1.30813e-05
1.32171e-05
1.33576e-05
1.35024e-05
1.36512e-05
1.38037e-05
1.39596e-05
1.41189e-05
1.42814e-05
1.44469e-05
1.46151e-05
1.4786e-05
1.49592e-05
1.51343e-05
1.53108e-05
1.54878e-05
1.5664e-05
1.58373e-05
1.6005e-05
1.61631e-05
1.63068e-05
1.64308e-05
1.65301e-05
1.66012e-05
1.66423e-05
1.66606e-05
1.66682e-05
1.66677e-05
1.66555e-05
1.66346e-05
1.66152e-05
1.65647e-05
1.65268e-05
1.64251e-05
1.63373e-05
1.6162e-05
1.59794e-05
1.57196e-05
1.54136e-05
1.50478e-05
1.46462e-05
1.42093e-05
1.37631e-05
1.33158e-05
1.28893e-05
1.24921e-05
1.21342e-05
1.18211e-05
1.15544e-05
1.13333e-05
1.11547e-05
1.10142e-05
1.09066e-05
1.08264e-05
1.07682e-05
1.0727e-05
1.06986e-05
1.06802e-05
1.06699e-05
1.0668e-05
1.0683e-05
1.07436e-05
1.09796e-05
1.19535e-05
1.36866e-05
1.48555e-05
1.50606e-05
1.50714e-05
1.50725e-05
1.50726e-05
1.50726e-05
1.50726e-05
1.20575e-05
1.20575e-05
1.20575e-05
1.20575e-05
1.20575e-05
1.20575e-05
1.20575e-05
1.20575e-05
1.20575e-05
1.20575e-05
1.20575e-05
1.20575e-05
1.20575e-05
1.20575e-05
1.20575e-05
1.20577e-05
1.20583e-05
1.20601e-05
1.20656e-05
1.20817e-05
1.21311e-05
1.22769e-05
1.24049e-05
1.24965e-05
1.25978e-05
1.2708e-05
1.28259e-05
1.29507e-05
1.30813e-05
1.32171e-05
1.33576e-05
1.35024e-05
1.36512e-05
1.38037e-05
1.39596e-05
1.41189e-05
1.42814e-05
1.44469e-05
1.46151e-05
1.4786e-05
1.49592e-05
1.51343e-05
1.53108e-05
1.54878e-05
1.5664e-05
1.58373e-05
1.6005e-05
1.61631e-05
1.63068e-05
1.64308e-05
1.65301e-05
1.66012e-05
1.66423e-05
1.66606e-05
1.66682e-05
1.66677e-05
1.66555e-05
1.66346e-05
1.66152e-05
1.65647e-05
1.65268e-05
1.64251e-05
1.63373e-05
1.6162e-05
1.59794e-05
1.57196e-05
1.54136e-05
1.50478e-05
1.46462e-05
1.42093e-05
1.37631e-05
1.33158e-05
1.28893e-05
1.24921e-05
1.21342e-05
1.18211e-05
1.15544e-05
1.13333e-05
1.11547e-05
1.10142e-05
1.09066e-05
1.08264e-05
1.07682e-05
1.0727e-05
1.06986e-05
1.06802e-05
1.06699e-05
1.0668e-05
1.0683e-05
1.07436e-05
1.09796e-05
1.19535e-05
1.36866e-05
1.48555e-05
1.50606e-05
1.50714e-05
1.50725e-05
1.50726e-05
1.50726e-05
1.50726e-05
1.20575e-05
1.20575e-05
1.20575e-05
1.20575e-05
1.20575e-05
1.20575e-05
1.20575e-05
1.20575e-05
1.20575e-05
1.20575e-05
1.20575e-05
1.20575e-05
1.20575e-05
1.20575e-05
1.20575e-05
1.20577e-05
1.20583e-05
1.20601e-05
1.20656e-05
1.20817e-05
1.21311e-05
1.22769e-05
1.24049e-05
1.24965e-05
1.25978e-05
1.2708e-05
1.28259e-05
1.29507e-05
1.30813e-05
1.32171e-05
1.33576e-05
1.35024e-05
1.36512e-05
1.38037e-05
1.39596e-05
1.41189e-05
1.42814e-05
1.44469e-05
1.46151e-05
1.4786e-05
1.49592e-05
1.51343e-05
1.53108e-05
1.54878e-05
1.5664e-05
1.58373e-05
1.6005e-05
1.61631e-05
1.63068e-05
1.64308e-05
1.65301e-05
1.66012e-05
1.66423e-05
1.66606e-05
1.66682e-05
1.66677e-05
1.66555e-05
1.66346e-05
1.66152e-05
1.65647e-05
1.65268e-05
1.64251e-05
1.63373e-05
1.6162e-05
1.59794e-05
1.57196e-05
1.54136e-05
1.50478e-05
1.46462e-05
1.42093e-05
1.37631e-05
1.33158e-05
1.28893e-05
1.24921e-05
1.21342e-05
1.18211e-05
1.15544e-05
1.13333e-05
1.11547e-05
1.10142e-05
1.09066e-05
1.08264e-05
1.07682e-05
1.0727e-05
1.06986e-05
1.06802e-05
1.06699e-05
1.0668e-05
1.0683e-05
1.07436e-05
1.09796e-05
1.19535e-05
1.36866e-05
1.48555e-05
1.50606e-05
1.50714e-05
1.50725e-05
1.50726e-05
1.50726e-05
1.50726e-05
1.20575e-05
1.20575e-05
1.20575e-05
1.20575e-05
1.20575e-05
1.20575e-05
1.20575e-05
1.20575e-05
1.20575e-05
1.20575e-05
1.20575e-05
1.20575e-05
1.20575e-05
1.20575e-05
1.20575e-05
1.20577e-05
1.20583e-05
1.20601e-05
1.20656e-05
1.20817e-05
1.21311e-05
1.22769e-05
1.24049e-05
1.24965e-05
1.25978e-05
1.2708e-05
1.28259e-05
1.29507e-05
1.30813e-05
1.32171e-05
1.33576e-05
1.35024e-05
1.36512e-05
1.38037e-05
1.39596e-05
1.41189e-05
1.42814e-05
1.44469e-05
1.46151e-05
1.4786e-05
1.49592e-05
1.51343e-05
1.53108e-05
1.54878e-05
1.5664e-05
1.58373e-05
1.6005e-05
1.61631e-05
1.63068e-05
1.64308e-05
1.65301e-05
1.66012e-05
1.66423e-05
1.66606e-05
1.66682e-05
1.66677e-05
1.66555e-05
1.66346e-05
1.66152e-05
1.65647e-05
1.65268e-05
1.64251e-05
1.63373e-05
1.6162e-05
1.59794e-05
1.57196e-05
1.54136e-05
1.50478e-05
1.46462e-05
1.42093e-05
1.37631e-05
1.33158e-05
1.28893e-05
1.24921e-05
1.21342e-05
1.18211e-05
1.15544e-05
1.13333e-05
1.11547e-05
1.10142e-05
1.09066e-05
1.08264e-05
1.07682e-05
1.0727e-05
1.06986e-05
1.06802e-05
1.06699e-05
1.0668e-05
1.0683e-05
1.07436e-05
1.09796e-05
1.19535e-05
1.36866e-05
1.48555e-05
1.50606e-05
1.50714e-05
1.50725e-05
1.50726e-05
1.50726e-05
1.50726e-05
1.20575e-05
1.20575e-05
1.20575e-05
1.20575e-05
1.20575e-05
1.20575e-05
1.20575e-05
1.20575e-05
1.20575e-05
1.20575e-05
1.20575e-05
1.20575e-05
1.20575e-05
1.20575e-05
1.20575e-05
1.20577e-05
1.20583e-05
1.20601e-05
1.20656e-05
1.20817e-05
1.21311e-05
1.22769e-05
1.24049e-05
1.24965e-05
1.25978e-05
1.2708e-05
1.28259e-05
1.29507e-05
1.30813e-05
1.32171e-05
1.33576e-05
1.35024e-05
1.36512e-05
1.38037e-05
1.39596e-05
1.41189e-05
1.42814e-05
1.44469e-05
1.46151e-05
1.4786e-05
1.49592e-05
1.51343e-05
1.53108e-05
1.54878e-05
1.5664e-05
1.58373e-05
1.6005e-05
1.61631e-05
1.63068e-05
1.64308e-05
1.65301e-05
1.66012e-05
1.66423e-05
1.66606e-05
1.66682e-05
1.66677e-05
1.66555e-05
1.66346e-05
1.66152e-05
1.65647e-05
1.65268e-05
1.64251e-05
1.63373e-05
1.6162e-05
1.59794e-05
1.57196e-05
1.54136e-05
1.50478e-05
1.46462e-05
1.42093e-05
1.37631e-05
1.33158e-05
1.28893e-05
1.24921e-05
1.21342e-05
1.18211e-05
1.15544e-05
1.13333e-05
1.11547e-05
1.10142e-05
1.09066e-05
1.08264e-05
1.07682e-05
1.0727e-05
1.06986e-05
1.06802e-05
1.06699e-05
1.0668e-05
1.0683e-05
1.07436e-05
1.09796e-05
1.19535e-05
1.36866e-05
1.48555e-05
1.50606e-05
1.50714e-05
1.50725e-05
1.50726e-05
1.50726e-05
1.50726e-05
1.20575e-05
1.20575e-05
1.20575e-05
1.20575e-05
1.20575e-05
1.20575e-05
1.20575e-05
1.20575e-05
1.20575e-05
1.20575e-05
1.20575e-05
1.20575e-05
1.20575e-05
1.20575e-05
1.20575e-05
1.20577e-05
1.20583e-05
1.20601e-05
1.20656e-05
1.20817e-05
1.21311e-05
1.22769e-05
1.24049e-05
1.24965e-05
1.25978e-05
1.2708e-05
1.28259e-05
1.29507e-05
1.30813e-05
1.32171e-05
1.33576e-05
1.35024e-05
1.36512e-05
1.38037e-05
1.39596e-05
1.41189e-05
1.42814e-05
1.44469e-05
1.46151e-05
1.4786e-05
1.49592e-05
1.51343e-05
1.53108e-05
1.54878e-05
1.5664e-05
1.58373e-05
1.6005e-05
1.61631e-05
1.63068e-05
1.64308e-05
1.65301e-05
1.66012e-05
1.66423e-05
1.66606e-05
1.66682e-05
1.66677e-05
1.66555e-05
1.66346e-05
1.66152e-05
1.65647e-05
1.65268e-05
1.64251e-05
1.63373e-05
1.6162e-05
1.59794e-05
1.57196e-05
1.54136e-05
1.50478e-05
1.46462e-05
1.42093e-05
1.37631e-05
1.33158e-05
1.28893e-05
1.24921e-05
1.21342e-05
1.18211e-05
1.15544e-05
1.13333e-05
1.11547e-05
1.10142e-05
1.09066e-05
1.08264e-05
1.07682e-05
1.0727e-05
1.06986e-05
1.06802e-05
1.06699e-05
1.0668e-05
1.0683e-05
1.07436e-05
1.09796e-05
1.19535e-05
1.36866e-05
1.48555e-05
1.50606e-05
1.50714e-05
1.50725e-05
1.50726e-05
1.50726e-05
1.50726e-05
)
;

boundaryField
{
    sides1
    {
        type            calculated;
        value           nonuniform List<scalar> 
20
(
1.50726e-05
1.50726e-05
1.50726e-05
1.50726e-05
1.50726e-05
1.50726e-05
1.50726e-05
1.50726e-05
1.50726e-05
1.50726e-05
1.20575e-05
1.20575e-05
1.20575e-05
1.20575e-05
1.20575e-05
1.20575e-05
1.20575e-05
1.20575e-05
1.20575e-05
1.20575e-05
)
;
    }
    sides2
    {
        type            calculated;
        value           nonuniform List<scalar> 
200
(
1.20575e-05
1.20575e-05
1.20575e-05
1.20575e-05
1.20575e-05
1.20575e-05
1.20575e-05
1.20575e-05
1.20575e-05
1.20575e-05
1.20575e-05
1.20575e-05
1.20575e-05
1.20575e-05
1.20575e-05
1.20577e-05
1.20583e-05
1.20601e-05
1.20656e-05
1.20817e-05
1.21311e-05
1.22769e-05
1.24049e-05
1.24965e-05
1.25978e-05
1.2708e-05
1.28259e-05
1.29507e-05
1.30813e-05
1.32171e-05
1.33576e-05
1.35024e-05
1.36512e-05
1.38037e-05
1.39596e-05
1.41189e-05
1.42814e-05
1.44469e-05
1.46151e-05
1.4786e-05
1.49592e-05
1.51343e-05
1.53108e-05
1.54878e-05
1.5664e-05
1.58373e-05
1.6005e-05
1.61631e-05
1.63068e-05
1.64308e-05
1.65301e-05
1.66012e-05
1.66423e-05
1.66606e-05
1.66682e-05
1.66677e-05
1.66555e-05
1.66346e-05
1.66152e-05
1.65647e-05
1.65268e-05
1.64251e-05
1.63373e-05
1.6162e-05
1.59794e-05
1.57196e-05
1.54136e-05
1.50478e-05
1.46462e-05
1.42093e-05
1.37631e-05
1.33158e-05
1.28893e-05
1.24921e-05
1.21342e-05
1.18211e-05
1.15544e-05
1.13333e-05
1.11547e-05
1.10142e-05
1.09066e-05
1.08264e-05
1.07682e-05
1.0727e-05
1.06986e-05
1.06802e-05
1.06699e-05
1.0668e-05
1.0683e-05
1.07436e-05
1.09796e-05
1.19535e-05
1.36866e-05
1.48555e-05
1.50606e-05
1.50714e-05
1.50725e-05
1.50726e-05
1.50726e-05
1.50726e-05
1.20575e-05
1.20575e-05
1.20575e-05
1.20575e-05
1.20575e-05
1.20575e-05
1.20575e-05
1.20575e-05
1.20575e-05
1.20575e-05
1.20575e-05
1.20575e-05
1.20575e-05
1.20575e-05
1.20575e-05
1.20577e-05
1.20583e-05
1.20601e-05
1.20656e-05
1.20817e-05
1.21311e-05
1.22769e-05
1.24049e-05
1.24965e-05
1.25978e-05
1.2708e-05
1.28259e-05
1.29507e-05
1.30813e-05
1.32171e-05
1.33576e-05
1.35024e-05
1.36512e-05
1.38037e-05
1.39596e-05
1.41189e-05
1.42814e-05
1.44469e-05
1.46151e-05
1.4786e-05
1.49592e-05
1.51343e-05
1.53108e-05
1.54878e-05
1.5664e-05
1.58373e-05
1.6005e-05
1.61631e-05
1.63068e-05
1.64308e-05
1.65301e-05
1.66012e-05
1.66423e-05
1.66606e-05
1.66682e-05
1.66677e-05
1.66555e-05
1.66346e-05
1.66152e-05
1.65647e-05
1.65268e-05
1.64251e-05
1.63373e-05
1.6162e-05
1.59794e-05
1.57196e-05
1.54136e-05
1.50478e-05
1.46462e-05
1.42093e-05
1.37631e-05
1.33158e-05
1.28893e-05
1.24921e-05
1.21342e-05
1.18211e-05
1.15544e-05
1.13333e-05
1.11547e-05
1.10142e-05
1.09066e-05
1.08264e-05
1.07682e-05
1.0727e-05
1.06986e-05
1.06802e-05
1.06699e-05
1.0668e-05
1.0683e-05
1.07436e-05
1.09796e-05
1.19535e-05
1.36866e-05
1.48555e-05
1.50606e-05
1.50714e-05
1.50725e-05
1.50726e-05
1.50726e-05
1.50726e-05
)
;
    }
    empty
    {
        type            empty;
    }
}


// ************************************************************************* //
