/*--------------------------------*- C++ -*----------------------------------*\
| =========                 |                                                 |
| \\      /  F ield         | OpenFOAM: The Open Source CFD Toolbox           |
|  \\    /   O peration     | Version:  3.0.0                                 |
|   \\  /    A nd           | Web:      www.OpenFOAM.org                      |
|    \\/     M anipulation  |                                                 |
\*---------------------------------------------------------------------------*/
FoamFile
{
    version     2.0;
    format      ascii;
    class       volScalarField;
    location    "0.00015";
    object      cSound;
}
// * * * * * * * * * * * * * * * * * * * * * * * * * * * * * * * * * * * * * //

dimensions      [0 1 -1 0 0 0 0];

internalField   nonuniform List<scalar> 
1000
(
348.906
348.906
348.906
348.906
348.906
348.906
348.906
348.906
348.906
348.906
348.906
348.906
348.906
348.906
348.906
348.906
348.906
348.906
348.906
348.906
348.906
348.906
348.906
348.906
348.906
348.906
348.904
348.898
348.878
348.81
348.59
347.854
345.226
342.761
340.666
338.348
335.835
333.178
330.417
327.588
324.713
321.812
318.903
316.002
313.128
310.303
307.559
304.951
302.578
300.598
299.198
298.422
298.18
298.364
299.141
300.475
302.002
304.733
308.067
312.747
318.138
324.499
331.272
338.266
344.977
351.131
356.469
360.873
364.328
366.885
368.637
369.666
369.847
368.215
360.188
337.57
319.436
312.509
312.101
312.067
312.064
312.063
312.063
312.063
312.063
312.063
312.063
312.063
312.063
312.063
312.063
312.063
312.063
312.063
312.063
312.063
312.063
312.063
312.063
312.063
348.906
348.906
348.906
348.906
348.906
348.906
348.906
348.906
348.906
348.906
348.906
348.906
348.906
348.906
348.906
348.906
348.906
348.906
348.906
348.906
348.906
348.906
348.906
348.906
348.906
348.906
348.904
348.898
348.878
348.81
348.59
347.854
345.226
342.761
340.666
338.348
335.835
333.178
330.417
327.588
324.713
321.812
318.903
316.002
313.128
310.303
307.559
304.951
302.578
300.598
299.198
298.422
298.18
298.364
299.141
300.475
302.002
304.733
308.067
312.747
318.138
324.499
331.272
338.266
344.977
351.131
356.469
360.873
364.328
366.885
368.637
369.666
369.847
368.215
360.188
337.57
319.436
312.509
312.101
312.067
312.064
312.063
312.063
312.063
312.063
312.063
312.063
312.063
312.063
312.063
312.063
312.063
312.063
312.063
312.063
312.063
312.063
312.063
312.063
312.063
348.906
348.906
348.906
348.906
348.906
348.906
348.906
348.906
348.906
348.906
348.906
348.906
348.906
348.906
348.906
348.906
348.906
348.906
348.906
348.906
348.906
348.906
348.906
348.906
348.906
348.906
348.904
348.898
348.878
348.81
348.59
347.854
345.226
342.761
340.666
338.348
335.835
333.178
330.417
327.588
324.713
321.812
318.903
316.002
313.128
310.303
307.559
304.951
302.578
300.598
299.198
298.422
298.18
298.364
299.141
300.475
302.002
304.733
308.067
312.747
318.138
324.499
331.272
338.266
344.977
351.131
356.469
360.873
364.328
366.885
368.637
369.666
369.847
368.215
360.188
337.57
319.436
312.509
312.101
312.067
312.064
312.063
312.063
312.063
312.063
312.063
312.063
312.063
312.063
312.063
312.063
312.063
312.063
312.063
312.063
312.063
312.063
312.063
312.063
312.063
348.906
348.906
348.906
348.906
348.906
348.906
348.906
348.906
348.906
348.906
348.906
348.906
348.906
348.906
348.906
348.906
348.906
348.906
348.906
348.906
348.906
348.906
348.906
348.906
348.906
348.906
348.904
348.898
348.878
348.81
348.59
347.854
345.226
342.761
340.666
338.348
335.835
333.178
330.417
327.588
324.713
321.812
318.903
316.002
313.128
310.303
307.559
304.951
302.578
300.598
299.198
298.422
298.18
298.364
299.141
300.475
302.002
304.733
308.067
312.747
318.138
324.499
331.272
338.266
344.977
351.131
356.469
360.873
364.328
366.885
368.637
369.666
369.847
368.215
360.188
337.57
319.436
312.509
312.101
312.067
312.064
312.063
312.063
312.063
312.063
312.063
312.063
312.063
312.063
312.063
312.063
312.063
312.063
312.063
312.063
312.063
312.063
312.063
312.063
312.063
348.906
348.906
348.906
348.906
348.906
348.906
348.906
348.906
348.906
348.906
348.906
348.906
348.906
348.906
348.906
348.906
348.906
348.906
348.906
348.906
348.906
348.906
348.906
348.906
348.906
348.906
348.904
348.898
348.878
348.81
348.59
347.854
345.226
342.761
340.666
338.348
335.835
333.178
330.417
327.588
324.713
321.812
318.903
316.002
313.128
310.303
307.559
304.951
302.578
300.598
299.198
298.422
298.18
298.364
299.141
300.475
302.002
304.733
308.067
312.747
318.138
324.499
331.272
338.266
344.977
351.131
356.469
360.873
364.328
366.885
368.637
369.666
369.847
368.215
360.188
337.57
319.436
312.509
312.101
312.067
312.064
312.063
312.063
312.063
312.063
312.063
312.063
312.063
312.063
312.063
312.063
312.063
312.063
312.063
312.063
312.063
312.063
312.063
312.063
312.063
348.906
348.906
348.906
348.906
348.906
348.906
348.906
348.906
348.906
348.906
348.906
348.906
348.906
348.906
348.906
348.906
348.906
348.906
348.906
348.906
348.906
348.906
348.906
348.906
348.906
348.906
348.904
348.898
348.878
348.81
348.59
347.854
345.226
342.761
340.666
338.348
335.835
333.178
330.417
327.588
324.713
321.812
318.903
316.002
313.128
310.303
307.559
304.951
302.578
300.598
299.198
298.422
298.18
298.364
299.141
300.475
302.002
304.733
308.067
312.747
318.138
324.499
331.272
338.266
344.977
351.131
356.469
360.873
364.328
366.885
368.637
369.666
369.847
368.215
360.188
337.57
319.436
312.509
312.101
312.067
312.064
312.063
312.063
312.063
312.063
312.063
312.063
312.063
312.063
312.063
312.063
312.063
312.063
312.063
312.063
312.063
312.063
312.063
312.063
312.063
348.906
348.906
348.906
348.906
348.906
348.906
348.906
348.906
348.906
348.906
348.906
348.906
348.906
348.906
348.906
348.906
348.906
348.906
348.906
348.906
348.906
348.906
348.906
348.906
348.906
348.906
348.904
348.898
348.878
348.81
348.59
347.854
345.226
342.761
340.666
338.348
335.835
333.178
330.417
327.588
324.713
321.812
318.903
316.002
313.128
310.303
307.559
304.951
302.578
300.598
299.198
298.422
298.18
298.364
299.141
300.475
302.002
304.733
308.067
312.747
318.138
324.499
331.272
338.266
344.977
351.131
356.469
360.873
364.328
366.885
368.637
369.666
369.847
368.215
360.188
337.57
319.436
312.509
312.101
312.067
312.064
312.063
312.063
312.063
312.063
312.063
312.063
312.063
312.063
312.063
312.063
312.063
312.063
312.063
312.063
312.063
312.063
312.063
312.063
312.063
348.906
348.906
348.906
348.906
348.906
348.906
348.906
348.906
348.906
348.906
348.906
348.906
348.906
348.906
348.906
348.906
348.906
348.906
348.906
348.906
348.906
348.906
348.906
348.906
348.906
348.906
348.904
348.898
348.878
348.81
348.59
347.854
345.226
342.761
340.666
338.348
335.835
333.178
330.417
327.588
324.713
321.812
318.903
316.002
313.128
310.303
307.559
304.951
302.578
300.598
299.198
298.422
298.18
298.364
299.141
300.475
302.002
304.733
308.067
312.747
318.138
324.499
331.272
338.266
344.977
351.131
356.469
360.873
364.328
366.885
368.637
369.666
369.847
368.215
360.188
337.57
319.436
312.509
312.101
312.067
312.064
312.063
312.063
312.063
312.063
312.063
312.063
312.063
312.063
312.063
312.063
312.063
312.063
312.063
312.063
312.063
312.063
312.063
312.063
312.063
348.906
348.906
348.906
348.906
348.906
348.906
348.906
348.906
348.906
348.906
348.906
348.906
348.906
348.906
348.906
348.906
348.906
348.906
348.906
348.906
348.906
348.906
348.906
348.906
348.906
348.906
348.904
348.898
348.878
348.81
348.59
347.854
345.226
342.761
340.666
338.348
335.835
333.178
330.417
327.588
324.713
321.812
318.903
316.002
313.128
310.303
307.559
304.951
302.578
300.598
299.198
298.422
298.18
298.364
299.141
300.475
302.002
304.733
308.067
312.747
318.138
324.499
331.272
338.266
344.977
351.131
356.469
360.873
364.328
366.885
368.637
369.666
369.847
368.215
360.188
337.57
319.436
312.509
312.101
312.067
312.064
312.063
312.063
312.063
312.063
312.063
312.063
312.063
312.063
312.063
312.063
312.063
312.063
312.063
312.063
312.063
312.063
312.063
312.063
312.063
348.906
348.906
348.906
348.906
348.906
348.906
348.906
348.906
348.906
348.906
348.906
348.906
348.906
348.906
348.906
348.906
348.906
348.906
348.906
348.906
348.906
348.906
348.906
348.906
348.906
348.906
348.904
348.898
348.878
348.81
348.59
347.854
345.226
342.761
340.666
338.348
335.835
333.178
330.417
327.588
324.713
321.812
318.903
316.002
313.128
310.303
307.559
304.951
302.578
300.598
299.198
298.422
298.18
298.364
299.141
300.475
302.002
304.733
308.067
312.747
318.138
324.499
331.272
338.266
344.977
351.131
356.469
360.873
364.328
366.885
368.637
369.666
369.847
368.215
360.188
337.57
319.436
312.509
312.101
312.067
312.064
312.063
312.063
312.063
312.063
312.063
312.063
312.063
312.063
312.063
312.063
312.063
312.063
312.063
312.063
312.063
312.063
312.063
312.063
312.063
)
;

boundaryField
{
    sides1
    {
        type            calculated;
        value           nonuniform List<scalar> 
20
(
312.063
312.063
312.063
312.063
312.063
312.063
312.063
312.063
312.063
312.063
348.906
348.906
348.906
348.906
348.906
348.906
348.906
348.906
348.906
348.906
)
;
    }
    sides2
    {
        type            calculated;
        value           nonuniform List<scalar> 
200
(
348.906
348.906
348.906
348.906
348.906
348.906
348.906
348.906
348.906
348.906
348.906
348.906
348.906
348.906
348.906
348.906
348.906
348.906
348.906
348.906
348.906
348.906
348.906
348.906
348.906
348.906
348.904
348.898
348.878
348.81
348.59
347.854
345.226
342.761
340.666
338.348
335.835
333.178
330.417
327.588
324.713
321.812
318.903
316.002
313.128
310.303
307.559
304.951
302.578
300.598
299.198
298.422
298.18
298.364
299.141
300.475
302.002
304.733
308.067
312.747
318.138
324.499
331.272
338.266
344.977
351.131
356.469
360.873
364.328
366.885
368.637
369.666
369.847
368.215
360.188
337.57
319.436
312.509
312.101
312.067
312.064
312.063
312.063
312.063
312.063
312.063
312.063
312.063
312.063
312.063
312.063
312.063
312.063
312.063
312.063
312.063
312.063
312.063
312.063
312.063
348.906
348.906
348.906
348.906
348.906
348.906
348.906
348.906
348.906
348.906
348.906
348.906
348.906
348.906
348.906
348.906
348.906
348.906
348.906
348.906
348.906
348.906
348.906
348.906
348.906
348.906
348.904
348.898
348.878
348.81
348.59
347.854
345.226
342.761
340.666
338.348
335.835
333.178
330.417
327.588
324.713
321.812
318.903
316.002
313.128
310.303
307.559
304.951
302.578
300.598
299.198
298.422
298.18
298.364
299.141
300.475
302.002
304.733
308.067
312.747
318.138
324.499
331.272
338.266
344.977
351.131
356.469
360.873
364.328
366.885
368.637
369.666
369.847
368.215
360.188
337.57
319.436
312.509
312.101
312.067
312.064
312.063
312.063
312.063
312.063
312.063
312.063
312.063
312.063
312.063
312.063
312.063
312.063
312.063
312.063
312.063
312.063
312.063
312.063
312.063
)
;
    }
    empty
    {
        type            empty;
    }
}


// ************************************************************************* //
