/*--------------------------------*- C++ -*----------------------------------*\
| =========                 |                                                 |
| \\      /  F ield         | OpenFOAM: The Open Source CFD Toolbox           |
|  \\    /   O peration     | Version:  3.0.0                                 |
|   \\  /    A nd           | Web:      www.OpenFOAM.org                      |
|    \\/     M anipulation  |                                                 |
\*---------------------------------------------------------------------------*/
FoamFile
{
    version     2.0;
    format      ascii;
    class       volScalarField;
    location    "0.00015";
    object      p;
}
// * * * * * * * * * * * * * * * * * * * * * * * * * * * * * * * * * * * * * //

dimensions      [1 -1 -2 0 0 0 0];

internalField   nonuniform List<scalar> 
1000
(
68970
68970
68970
68970
68970
68970
68970
68970
68970
68970
68970
68970
68970
68970
68970
68970
68970
68970
68970
68970
68970
68970
68970
68970
68969.8
68969.2
68966.9
68958.5
68929.4
68831.8
68520.4
67572.9
64952.2
61954.8
59378.2
56642.8
53770.9
50835.5
47908.9
45041.9
42267.7
39607.4
37074.7
34678.7
32425.2
30319.3
28367.7
26582.5
24995.2
23642.5
22605.4
21874.1
21465
21215.1
21099.5
21158.1
20973.7
21063.4
20949.2
21045.5
20977.7
21027.8
21017
21041.1
21051.6
21071.2
21091.4
21111.1
21126.2
21127.2
21101.5
20996.7
20642.3
19354.6
14862
9449.77
7490.7
6956.58
6903.22
6897.65
6897.07
6897.01
6897
6897
6897
6897
6897
6897
6897
6897
6897
6897
6897
6897
6897
6897
6897
6897
6897
6897
68970
68970
68970
68970
68970
68970
68970
68970
68970
68970
68970
68970
68970
68970
68970
68970
68970
68970
68970
68970
68970
68970
68970
68970
68969.8
68969.2
68966.9
68958.5
68929.4
68831.8
68520.4
67572.9
64952.2
61954.8
59378.2
56642.8
53770.9
50835.5
47908.9
45041.9
42267.7
39607.4
37074.7
34678.7
32425.2
30319.3
28367.7
26582.5
24995.2
23642.5
22605.4
21874.1
21465
21215.1
21099.5
21158.1
20973.7
21063.4
20949.2
21045.5
20977.7
21027.8
21017
21041.1
21051.6
21071.2
21091.4
21111.1
21126.2
21127.2
21101.5
20996.7
20642.3
19354.6
14862
9449.77
7490.7
6956.58
6903.22
6897.65
6897.07
6897.01
6897
6897
6897
6897
6897
6897
6897
6897
6897
6897
6897
6897
6897
6897
6897
6897
6897
6897
68970
68970
68970
68970
68970
68970
68970
68970
68970
68970
68970
68970
68970
68970
68970
68970
68970
68970
68970
68970
68970
68970
68970
68970
68969.8
68969.2
68966.9
68958.5
68929.4
68831.8
68520.4
67572.9
64952.2
61954.8
59378.2
56642.8
53770.9
50835.5
47908.9
45041.9
42267.7
39607.4
37074.7
34678.7
32425.2
30319.3
28367.7
26582.5
24995.2
23642.5
22605.4
21874.1
21465
21215.1
21099.5
21158.1
20973.7
21063.4
20949.2
21045.5
20977.7
21027.8
21017
21041.1
21051.6
21071.2
21091.4
21111.1
21126.2
21127.2
21101.5
20996.7
20642.3
19354.6
14862
9449.77
7490.7
6956.58
6903.22
6897.65
6897.07
6897.01
6897
6897
6897
6897
6897
6897
6897
6897
6897
6897
6897
6897
6897
6897
6897
6897
6897
6897
68970
68970
68970
68970
68970
68970
68970
68970
68970
68970
68970
68970
68970
68970
68970
68970
68970
68970
68970
68970
68970
68970
68970
68970
68969.8
68969.2
68966.9
68958.5
68929.4
68831.8
68520.4
67572.9
64952.2
61954.8
59378.2
56642.8
53770.9
50835.5
47908.9
45041.9
42267.7
39607.4
37074.7
34678.7
32425.2
30319.3
28367.7
26582.5
24995.2
23642.5
22605.4
21874.1
21465
21215.1
21099.5
21158.1
20973.7
21063.4
20949.2
21045.5
20977.7
21027.8
21017
21041.1
21051.6
21071.2
21091.4
21111.1
21126.2
21127.2
21101.5
20996.7
20642.3
19354.6
14862
9449.77
7490.7
6956.58
6903.22
6897.65
6897.07
6897.01
6897
6897
6897
6897
6897
6897
6897
6897
6897
6897
6897
6897
6897
6897
6897
6897
6897
6897
68970
68970
68970
68970
68970
68970
68970
68970
68970
68970
68970
68970
68970
68970
68970
68970
68970
68970
68970
68970
68970
68970
68970
68970
68969.8
68969.2
68966.9
68958.5
68929.4
68831.8
68520.4
67572.9
64952.2
61954.8
59378.2
56642.8
53770.9
50835.5
47908.9
45041.9
42267.7
39607.4
37074.7
34678.7
32425.2
30319.3
28367.7
26582.5
24995.2
23642.5
22605.4
21874.1
21465
21215.1
21099.5
21158.1
20973.7
21063.4
20949.2
21045.5
20977.7
21027.8
21017
21041.1
21051.6
21071.2
21091.4
21111.1
21126.2
21127.2
21101.5
20996.7
20642.3
19354.6
14862
9449.77
7490.7
6956.58
6903.22
6897.65
6897.07
6897.01
6897
6897
6897
6897
6897
6897
6897
6897
6897
6897
6897
6897
6897
6897
6897
6897
6897
6897
68970
68970
68970
68970
68970
68970
68970
68970
68970
68970
68970
68970
68970
68970
68970
68970
68970
68970
68970
68970
68970
68970
68970
68970
68969.8
68969.2
68966.9
68958.5
68929.4
68831.8
68520.4
67572.9
64952.2
61954.8
59378.2
56642.8
53770.9
50835.5
47908.9
45041.9
42267.7
39607.4
37074.7
34678.7
32425.2
30319.3
28367.7
26582.5
24995.2
23642.5
22605.4
21874.1
21465
21215.1
21099.5
21158.1
20973.7
21063.4
20949.2
21045.5
20977.7
21027.8
21017
21041.1
21051.6
21071.2
21091.4
21111.1
21126.2
21127.2
21101.5
20996.7
20642.3
19354.6
14862
9449.77
7490.7
6956.58
6903.22
6897.65
6897.07
6897.01
6897
6897
6897
6897
6897
6897
6897
6897
6897
6897
6897
6897
6897
6897
6897
6897
6897
6897
68970
68970
68970
68970
68970
68970
68970
68970
68970
68970
68970
68970
68970
68970
68970
68970
68970
68970
68970
68970
68970
68970
68970
68970
68969.8
68969.2
68966.9
68958.5
68929.4
68831.8
68520.4
67572.9
64952.2
61954.8
59378.2
56642.8
53770.9
50835.5
47908.9
45041.9
42267.7
39607.4
37074.7
34678.7
32425.2
30319.3
28367.7
26582.5
24995.2
23642.5
22605.4
21874.1
21465
21215.1
21099.5
21158.1
20973.7
21063.4
20949.2
21045.5
20977.7
21027.8
21017
21041.1
21051.6
21071.2
21091.4
21111.1
21126.2
21127.2
21101.5
20996.7
20642.3
19354.6
14862
9449.77
7490.7
6956.58
6903.22
6897.65
6897.07
6897.01
6897
6897
6897
6897
6897
6897
6897
6897
6897
6897
6897
6897
6897
6897
6897
6897
6897
6897
68970
68970
68970
68970
68970
68970
68970
68970
68970
68970
68970
68970
68970
68970
68970
68970
68970
68970
68970
68970
68970
68970
68970
68970
68969.8
68969.2
68966.9
68958.5
68929.4
68831.8
68520.4
67572.9
64952.2
61954.8
59378.2
56642.8
53770.9
50835.5
47908.9
45041.9
42267.7
39607.4
37074.7
34678.7
32425.2
30319.3
28367.7
26582.5
24995.2
23642.5
22605.4
21874.1
21465
21215.1
21099.5
21158.1
20973.7
21063.4
20949.2
21045.5
20977.7
21027.8
21017
21041.1
21051.6
21071.2
21091.4
21111.1
21126.2
21127.2
21101.5
20996.7
20642.3
19354.6
14862
9449.77
7490.7
6956.58
6903.22
6897.65
6897.07
6897.01
6897
6897
6897
6897
6897
6897
6897
6897
6897
6897
6897
6897
6897
6897
6897
6897
6897
6897
68970
68970
68970
68970
68970
68970
68970
68970
68970
68970
68970
68970
68970
68970
68970
68970
68970
68970
68970
68970
68970
68970
68970
68970
68969.8
68969.2
68966.9
68958.5
68929.4
68831.8
68520.4
67572.9
64952.2
61954.8
59378.2
56642.8
53770.9
50835.5
47908.9
45041.9
42267.7
39607.4
37074.7
34678.7
32425.2
30319.3
28367.7
26582.5
24995.2
23642.5
22605.4
21874.1
21465
21215.1
21099.5
21158.1
20973.7
21063.4
20949.2
21045.5
20977.7
21027.8
21017
21041.1
21051.6
21071.2
21091.4
21111.1
21126.2
21127.2
21101.5
20996.7
20642.3
19354.6
14862
9449.77
7490.7
6956.58
6903.22
6897.65
6897.07
6897.01
6897
6897
6897
6897
6897
6897
6897
6897
6897
6897
6897
6897
6897
6897
6897
6897
6897
6897
68970
68970
68970
68970
68970
68970
68970
68970
68970
68970
68970
68970
68970
68970
68970
68970
68970
68970
68970
68970
68970
68970
68970
68970
68969.8
68969.2
68966.9
68958.5
68929.4
68831.8
68520.4
67572.9
64952.2
61954.8
59378.2
56642.8
53770.9
50835.5
47908.9
45041.9
42267.7
39607.4
37074.7
34678.7
32425.2
30319.3
28367.7
26582.5
24995.2
23642.5
22605.4
21874.1
21465
21215.1
21099.5
21158.1
20973.7
21063.4
20949.2
21045.5
20977.7
21027.8
21017
21041.1
21051.6
21071.2
21091.4
21111.1
21126.2
21127.2
21101.5
20996.7
20642.3
19354.6
14862
9449.77
7490.7
6956.58
6903.22
6897.65
6897.07
6897.01
6897
6897
6897
6897
6897
6897
6897
6897
6897
6897
6897
6897
6897
6897
6897
6897
6897
6897
)
;

boundaryField
{
    sides1
    {
        type            zeroGradient;
    }
    sides2
    {
        type            slip;
    }
    empty
    {
        type            empty;
    }
}


// ************************************************************************* //
