/*--------------------------------*- C++ -*----------------------------------*\
| =========                 |                                                 |
| \\      /  F ield         | OpenFOAM: The Open Source CFD Toolbox           |
|  \\    /   O peration     | Version:  3.0.0                                 |
|   \\  /    A nd           | Web:      www.OpenFOAM.org                      |
|    \\/     M anipulation  |                                                 |
\*---------------------------------------------------------------------------*/
FoamFile
{
    version     2.0;
    format      ascii;
    class       volScalarField;
    location    "0.00015";
    object      rho;
}
// * * * * * * * * * * * * * * * * * * * * * * * * * * * * * * * * * * * * * //

dimensions      [1 -3 0 0 0 0 0];

internalField   nonuniform List<scalar> 
1000
(
0.831602
0.831602
0.831602
0.831602
0.831602
0.831602
0.831602
0.831602
0.831602
0.831602
0.831602
0.831602
0.831602
0.831602
0.831602
0.831602
0.831602
0.831602
0.831602
0.831602
0.831602
0.831602
0.831602
0.831602
0.831601
0.831595
0.831575
0.831502
0.831246
0.830392
0.827681
0.819693
0.799947
0.774046
0.751007
0.726256
0.69979
0.672186
0.644115
0.616078
0.588414
0.561364
0.535099
0.509748
0.485413
0.462189
0.440191
0.419575
0.400733
0.384056
0.370654
0.360531
0.354361
0.349804
0.346093
0.343979
0.337544
0.332938
0.324003
0.315823
0.304229
0.293116
0.281108
0.269914
0.259644
0.250856
0.243633
0.237945
0.23362
0.230385
0.227924
0.225531
0.221507
0.209534
0.168148
0.121721
0.107753
0.104555
0.104024
0.103963
0.103956
0.103956
0.103956
0.103956
0.103956
0.103956
0.103956
0.103956
0.103956
0.103956
0.103956
0.103956
0.103956
0.103956
0.103956
0.103956
0.103956
0.103956
0.103956
0.103956
0.831602
0.831602
0.831602
0.831602
0.831602
0.831602
0.831602
0.831602
0.831602
0.831602
0.831602
0.831602
0.831602
0.831602
0.831602
0.831602
0.831602
0.831602
0.831602
0.831602
0.831602
0.831602
0.831602
0.831602
0.831601
0.831595
0.831575
0.831502
0.831246
0.830392
0.827681
0.819693
0.799947
0.774046
0.751007
0.726256
0.69979
0.672186
0.644115
0.616078
0.588414
0.561364
0.535099
0.509748
0.485413
0.462189
0.440191
0.419575
0.400733
0.384056
0.370654
0.360531
0.354361
0.349804
0.346093
0.343979
0.337544
0.332938
0.324003
0.315823
0.304229
0.293116
0.281108
0.269914
0.259644
0.250856
0.243633
0.237945
0.23362
0.230385
0.227924
0.225531
0.221507
0.209534
0.168148
0.121721
0.107753
0.104555
0.104024
0.103963
0.103956
0.103956
0.103956
0.103956
0.103956
0.103956
0.103956
0.103956
0.103956
0.103956
0.103956
0.103956
0.103956
0.103956
0.103956
0.103956
0.103956
0.103956
0.103956
0.103956
0.831602
0.831602
0.831602
0.831602
0.831602
0.831602
0.831602
0.831602
0.831602
0.831602
0.831602
0.831602
0.831602
0.831602
0.831602
0.831602
0.831602
0.831602
0.831602
0.831602
0.831602
0.831602
0.831602
0.831602
0.831601
0.831595
0.831575
0.831502
0.831246
0.830392
0.827681
0.819693
0.799947
0.774046
0.751007
0.726256
0.69979
0.672186
0.644115
0.616078
0.588414
0.561364
0.535099
0.509748
0.485413
0.462189
0.440191
0.419575
0.400733
0.384056
0.370654
0.360531
0.354361
0.349804
0.346093
0.343979
0.337544
0.332938
0.324003
0.315823
0.304229
0.293116
0.281108
0.269914
0.259644
0.250856
0.243633
0.237945
0.23362
0.230385
0.227924
0.225531
0.221507
0.209534
0.168148
0.121721
0.107753
0.104555
0.104024
0.103963
0.103956
0.103956
0.103956
0.103956
0.103956
0.103956
0.103956
0.103956
0.103956
0.103956
0.103956
0.103956
0.103956
0.103956
0.103956
0.103956
0.103956
0.103956
0.103956
0.103956
0.831602
0.831602
0.831602
0.831602
0.831602
0.831602
0.831602
0.831602
0.831602
0.831602
0.831602
0.831602
0.831602
0.831602
0.831602
0.831602
0.831602
0.831602
0.831602
0.831602
0.831602
0.831602
0.831602
0.831602
0.831601
0.831595
0.831575
0.831502
0.831246
0.830392
0.827681
0.819693
0.799947
0.774046
0.751007
0.726256
0.69979
0.672186
0.644115
0.616078
0.588414
0.561364
0.535099
0.509748
0.485413
0.462189
0.440191
0.419575
0.400733
0.384056
0.370654
0.360531
0.354361
0.349804
0.346093
0.343979
0.337544
0.332938
0.324003
0.315823
0.304229
0.293116
0.281108
0.269914
0.259644
0.250856
0.243633
0.237945
0.23362
0.230385
0.227924
0.225531
0.221507
0.209534
0.168148
0.121721
0.107753
0.104555
0.104024
0.103963
0.103956
0.103956
0.103956
0.103956
0.103956
0.103956
0.103956
0.103956
0.103956
0.103956
0.103956
0.103956
0.103956
0.103956
0.103956
0.103956
0.103956
0.103956
0.103956
0.103956
0.831602
0.831602
0.831602
0.831602
0.831602
0.831602
0.831602
0.831602
0.831602
0.831602
0.831602
0.831602
0.831602
0.831602
0.831602
0.831602
0.831602
0.831602
0.831602
0.831602
0.831602
0.831602
0.831602
0.831602
0.831601
0.831595
0.831575
0.831502
0.831246
0.830392
0.827681
0.819693
0.799947
0.774046
0.751007
0.726256
0.69979
0.672186
0.644115
0.616078
0.588414
0.561364
0.535099
0.509748
0.485413
0.462189
0.440191
0.419575
0.400733
0.384056
0.370654
0.360531
0.354361
0.349804
0.346093
0.343979
0.337544
0.332938
0.324003
0.315823
0.304229
0.293116
0.281108
0.269914
0.259644
0.250856
0.243633
0.237945
0.23362
0.230385
0.227924
0.225531
0.221507
0.209534
0.168148
0.121721
0.107753
0.104555
0.104024
0.103963
0.103956
0.103956
0.103956
0.103956
0.103956
0.103956
0.103956
0.103956
0.103956
0.103956
0.103956
0.103956
0.103956
0.103956
0.103956
0.103956
0.103956
0.103956
0.103956
0.103956
0.831602
0.831602
0.831602
0.831602
0.831602
0.831602
0.831602
0.831602
0.831602
0.831602
0.831602
0.831602
0.831602
0.831602
0.831602
0.831602
0.831602
0.831602
0.831602
0.831602
0.831602
0.831602
0.831602
0.831602
0.831601
0.831595
0.831575
0.831502
0.831246
0.830392
0.827681
0.819693
0.799947
0.774046
0.751007
0.726256
0.69979
0.672186
0.644115
0.616078
0.588414
0.561364
0.535099
0.509748
0.485413
0.462189
0.440191
0.419575
0.400733
0.384056
0.370654
0.360531
0.354361
0.349804
0.346093
0.343979
0.337544
0.332938
0.324003
0.315823
0.304229
0.293116
0.281108
0.269914
0.259644
0.250856
0.243633
0.237945
0.23362
0.230385
0.227924
0.225531
0.221507
0.209534
0.168148
0.121721
0.107753
0.104555
0.104024
0.103963
0.103956
0.103956
0.103956
0.103956
0.103956
0.103956
0.103956
0.103956
0.103956
0.103956
0.103956
0.103956
0.103956
0.103956
0.103956
0.103956
0.103956
0.103956
0.103956
0.103956
0.831602
0.831602
0.831602
0.831602
0.831602
0.831602
0.831602
0.831602
0.831602
0.831602
0.831602
0.831602
0.831602
0.831602
0.831602
0.831602
0.831602
0.831602
0.831602
0.831602
0.831602
0.831602
0.831602
0.831602
0.831601
0.831595
0.831575
0.831502
0.831246
0.830392
0.827681
0.819693
0.799947
0.774046
0.751007
0.726256
0.69979
0.672186
0.644115
0.616078
0.588414
0.561364
0.535099
0.509748
0.485413
0.462189
0.440191
0.419575
0.400733
0.384056
0.370654
0.360531
0.354361
0.349804
0.346093
0.343979
0.337544
0.332938
0.324003
0.315823
0.304229
0.293116
0.281108
0.269914
0.259644
0.250856
0.243633
0.237945
0.23362
0.230385
0.227924
0.225531
0.221507
0.209534
0.168148
0.121721
0.107753
0.104555
0.104024
0.103963
0.103956
0.103956
0.103956
0.103956
0.103956
0.103956
0.103956
0.103956
0.103956
0.103956
0.103956
0.103956
0.103956
0.103956
0.103956
0.103956
0.103956
0.103956
0.103956
0.103956
0.831602
0.831602
0.831602
0.831602
0.831602
0.831602
0.831602
0.831602
0.831602
0.831602
0.831602
0.831602
0.831602
0.831602
0.831602
0.831602
0.831602
0.831602
0.831602
0.831602
0.831602
0.831602
0.831602
0.831602
0.831601
0.831595
0.831575
0.831502
0.831246
0.830392
0.827681
0.819693
0.799947
0.774046
0.751007
0.726256
0.69979
0.672186
0.644115
0.616078
0.588414
0.561364
0.535099
0.509748
0.485413
0.462189
0.440191
0.419575
0.400733
0.384056
0.370654
0.360531
0.354361
0.349804
0.346093
0.343979
0.337544
0.332938
0.324003
0.315823
0.304229
0.293116
0.281108
0.269914
0.259644
0.250856
0.243633
0.237945
0.23362
0.230385
0.227924
0.225531
0.221507
0.209534
0.168148
0.121721
0.107753
0.104555
0.104024
0.103963
0.103956
0.103956
0.103956
0.103956
0.103956
0.103956
0.103956
0.103956
0.103956
0.103956
0.103956
0.103956
0.103956
0.103956
0.103956
0.103956
0.103956
0.103956
0.103956
0.103956
0.831602
0.831602
0.831602
0.831602
0.831602
0.831602
0.831602
0.831602
0.831602
0.831602
0.831602
0.831602
0.831602
0.831602
0.831602
0.831602
0.831602
0.831602
0.831602
0.831602
0.831602
0.831602
0.831602
0.831602
0.831601
0.831595
0.831575
0.831502
0.831246
0.830392
0.827681
0.819693
0.799947
0.774046
0.751007
0.726256
0.69979
0.672186
0.644115
0.616078
0.588414
0.561364
0.535099
0.509748
0.485413
0.462189
0.440191
0.419575
0.400733
0.384056
0.370654
0.360531
0.354361
0.349804
0.346093
0.343979
0.337544
0.332938
0.324003
0.315823
0.304229
0.293116
0.281108
0.269914
0.259644
0.250856
0.243633
0.237945
0.23362
0.230385
0.227924
0.225531
0.221507
0.209534
0.168148
0.121721
0.107753
0.104555
0.104024
0.103963
0.103956
0.103956
0.103956
0.103956
0.103956
0.103956
0.103956
0.103956
0.103956
0.103956
0.103956
0.103956
0.103956
0.103956
0.103956
0.103956
0.103956
0.103956
0.103956
0.103956
0.831602
0.831602
0.831602
0.831602
0.831602
0.831602
0.831602
0.831602
0.831602
0.831602
0.831602
0.831602
0.831602
0.831602
0.831602
0.831602
0.831602
0.831602
0.831602
0.831602
0.831602
0.831602
0.831602
0.831602
0.831601
0.831595
0.831575
0.831502
0.831246
0.830392
0.827681
0.819693
0.799947
0.774046
0.751007
0.726256
0.69979
0.672186
0.644115
0.616078
0.588414
0.561364
0.535099
0.509748
0.485413
0.462189
0.440191
0.419575
0.400733
0.384056
0.370654
0.360531
0.354361
0.349804
0.346093
0.343979
0.337544
0.332938
0.324003
0.315823
0.304229
0.293116
0.281108
0.269914
0.259644
0.250856
0.243633
0.237945
0.23362
0.230385
0.227924
0.225531
0.221507
0.209534
0.168148
0.121721
0.107753
0.104555
0.104024
0.103963
0.103956
0.103956
0.103956
0.103956
0.103956
0.103956
0.103956
0.103956
0.103956
0.103956
0.103956
0.103956
0.103956
0.103956
0.103956
0.103956
0.103956
0.103956
0.103956
0.103956
)
;

boundaryField
{
    sides1
    {
        type            calculated;
        value           nonuniform List<scalar> 
20
(
0.103956
0.103956
0.103956
0.103956
0.103956
0.103956
0.103956
0.103956
0.103956
0.103956
0.831602
0.831602
0.831602
0.831602
0.831602
0.831602
0.831602
0.831602
0.831602
0.831602
)
;
    }
    sides2
    {
        type            calculated;
        value           nonuniform List<scalar> 
200
(
0.831602
0.831602
0.831602
0.831602
0.831602
0.831602
0.831602
0.831602
0.831602
0.831602
0.831602
0.831602
0.831602
0.831602
0.831602
0.831602
0.831602
0.831602
0.831602
0.831602
0.831602
0.831602
0.831602
0.831602
0.831601
0.831595
0.831575
0.831502
0.831246
0.830392
0.827681
0.819693
0.799947
0.774046
0.751007
0.726256
0.69979
0.672186
0.644115
0.616078
0.588414
0.561364
0.535099
0.509748
0.485413
0.462189
0.440191
0.419575
0.400733
0.384056
0.370654
0.360531
0.354361
0.349804
0.346093
0.343979
0.337544
0.332938
0.324003
0.315823
0.304229
0.293116
0.281108
0.269914
0.259644
0.250856
0.243633
0.237945
0.23362
0.230385
0.227924
0.225531
0.221507
0.209534
0.168148
0.121721
0.107753
0.104555
0.104024
0.103963
0.103956
0.103956
0.103956
0.103956
0.103956
0.103956
0.103956
0.103956
0.103956
0.103956
0.103956
0.103956
0.103956
0.103956
0.103956
0.103956
0.103956
0.103956
0.103956
0.103956
0.831602
0.831602
0.831602
0.831602
0.831602
0.831602
0.831602
0.831602
0.831602
0.831602
0.831602
0.831602
0.831602
0.831602
0.831602
0.831602
0.831602
0.831602
0.831602
0.831602
0.831602
0.831602
0.831602
0.831602
0.831601
0.831595
0.831575
0.831502
0.831246
0.830392
0.827681
0.819693
0.799947
0.774046
0.751007
0.726256
0.69979
0.672186
0.644115
0.616078
0.588414
0.561364
0.535099
0.509748
0.485413
0.462189
0.440191
0.419575
0.400733
0.384056
0.370654
0.360531
0.354361
0.349804
0.346093
0.343979
0.337544
0.332938
0.324003
0.315823
0.304229
0.293116
0.281108
0.269914
0.259644
0.250856
0.243633
0.237945
0.23362
0.230385
0.227924
0.225531
0.221507
0.209534
0.168148
0.121721
0.107753
0.104555
0.104024
0.103963
0.103956
0.103956
0.103956
0.103956
0.103956
0.103956
0.103956
0.103956
0.103956
0.103956
0.103956
0.103956
0.103956
0.103956
0.103956
0.103956
0.103956
0.103956
0.103956
0.103956
)
;
    }
    empty
    {
        type            empty;
    }
}


// ************************************************************************* //
