/*--------------------------------*- C++ -*----------------------------------*\
| =========                 |                                                 |
| \\      /  F ield         | OpenFOAM: The Open Source CFD Toolbox           |
|  \\    /   O peration     | Version:  3.0.0                                 |
|   \\  /    A nd           | Web:      www.OpenFOAM.org                      |
|    \\/     M anipulation  |                                                 |
\*---------------------------------------------------------------------------*/
FoamFile
{
    version     2.0;
    format      ascii;
    class       volScalarField;
    location    "0.00015";
    object      T;
}
// * * * * * * * * * * * * * * * * * * * * * * * * * * * * * * * * * * * * * //

dimensions      [0 0 0 1 0 0 0];

internalField   nonuniform List<scalar> 
1000
(
288.89
288.89
288.89
288.89
288.89
288.89
288.89
288.89
288.89
288.89
288.89
288.89
288.89
288.89
288.89
288.89
288.89
288.89
288.89
288.89
288.89
288.89
288.89
288.89
288.89
288.889
288.886
288.877
288.843
288.731
288.367
287.151
282.827
278.802
275.405
271.671
267.65
263.43
259.084
254.665
250.215
245.765
241.342
236.971
232.68
228.5
224.477
220.686
217.265
214.431
212.438
211.337
210.995
211.255
212.357
214.256
216.438
220.37
225.22
232.114
240.184
249.886
260.427
271.538
282.419
292.586
301.549
309.046
314.992
319.429
322.487
324.29
324.608
321.749
307.874
270.423
242.148
231.76
231.156
231.106
231.101
231.1
231.1
231.1
231.1
231.1
231.1
231.1
231.1
231.1
231.1
231.1
231.1
231.1
231.1
231.1
231.1
231.1
231.1
231.1
288.89
288.89
288.89
288.89
288.89
288.89
288.89
288.89
288.89
288.89
288.89
288.89
288.89
288.89
288.89
288.89
288.89
288.89
288.89
288.89
288.89
288.89
288.89
288.89
288.89
288.889
288.886
288.877
288.843
288.731
288.367
287.151
282.827
278.802
275.405
271.671
267.65
263.43
259.084
254.665
250.215
245.765
241.342
236.971
232.68
228.5
224.477
220.686
217.265
214.431
212.438
211.337
210.995
211.255
212.357
214.256
216.438
220.37
225.22
232.114
240.184
249.886
260.427
271.538
282.419
292.586
301.549
309.046
314.992
319.429
322.487
324.29
324.608
321.749
307.874
270.423
242.148
231.76
231.156
231.106
231.101
231.1
231.1
231.1
231.1
231.1
231.1
231.1
231.1
231.1
231.1
231.1
231.1
231.1
231.1
231.1
231.1
231.1
231.1
231.1
288.89
288.89
288.89
288.89
288.89
288.89
288.89
288.89
288.89
288.89
288.89
288.89
288.89
288.89
288.89
288.89
288.89
288.89
288.89
288.89
288.89
288.89
288.89
288.89
288.89
288.889
288.886
288.877
288.843
288.731
288.367
287.151
282.827
278.802
275.405
271.671
267.65
263.43
259.084
254.665
250.215
245.765
241.342
236.971
232.68
228.5
224.477
220.686
217.265
214.431
212.438
211.337
210.995
211.255
212.357
214.256
216.438
220.37
225.22
232.114
240.184
249.886
260.427
271.538
282.419
292.586
301.549
309.046
314.992
319.429
322.487
324.29
324.608
321.749
307.874
270.423
242.148
231.76
231.156
231.106
231.101
231.1
231.1
231.1
231.1
231.1
231.1
231.1
231.1
231.1
231.1
231.1
231.1
231.1
231.1
231.1
231.1
231.1
231.1
231.1
288.89
288.89
288.89
288.89
288.89
288.89
288.89
288.89
288.89
288.89
288.89
288.89
288.89
288.89
288.89
288.89
288.89
288.89
288.89
288.89
288.89
288.89
288.89
288.89
288.89
288.889
288.886
288.877
288.843
288.731
288.367
287.151
282.827
278.802
275.405
271.671
267.65
263.43
259.084
254.665
250.215
245.765
241.342
236.971
232.68
228.5
224.477
220.686
217.265
214.431
212.438
211.337
210.995
211.255
212.357
214.256
216.438
220.37
225.22
232.114
240.184
249.886
260.427
271.538
282.419
292.586
301.549
309.046
314.992
319.429
322.487
324.29
324.608
321.749
307.874
270.423
242.148
231.76
231.156
231.106
231.101
231.1
231.1
231.1
231.1
231.1
231.1
231.1
231.1
231.1
231.1
231.1
231.1
231.1
231.1
231.1
231.1
231.1
231.1
231.1
288.89
288.89
288.89
288.89
288.89
288.89
288.89
288.89
288.89
288.89
288.89
288.89
288.89
288.89
288.89
288.89
288.89
288.89
288.89
288.89
288.89
288.89
288.89
288.89
288.89
288.889
288.886
288.877
288.843
288.731
288.367
287.151
282.827
278.802
275.405
271.671
267.65
263.43
259.084
254.665
250.215
245.765
241.342
236.971
232.68
228.5
224.477
220.686
217.265
214.431
212.438
211.337
210.995
211.255
212.357
214.256
216.438
220.37
225.22
232.114
240.184
249.886
260.427
271.538
282.419
292.586
301.549
309.046
314.992
319.429
322.487
324.29
324.608
321.749
307.874
270.423
242.148
231.76
231.156
231.106
231.101
231.1
231.1
231.1
231.1
231.1
231.1
231.1
231.1
231.1
231.1
231.1
231.1
231.1
231.1
231.1
231.1
231.1
231.1
231.1
288.89
288.89
288.89
288.89
288.89
288.89
288.89
288.89
288.89
288.89
288.89
288.89
288.89
288.89
288.89
288.89
288.89
288.89
288.89
288.89
288.89
288.89
288.89
288.89
288.89
288.889
288.886
288.877
288.843
288.731
288.367
287.151
282.827
278.802
275.405
271.671
267.65
263.43
259.084
254.665
250.215
245.765
241.342
236.971
232.68
228.5
224.477
220.686
217.265
214.431
212.438
211.337
210.995
211.255
212.357
214.256
216.438
220.37
225.22
232.114
240.184
249.886
260.427
271.538
282.419
292.586
301.549
309.046
314.992
319.429
322.487
324.29
324.608
321.749
307.874
270.423
242.148
231.76
231.156
231.106
231.101
231.1
231.1
231.1
231.1
231.1
231.1
231.1
231.1
231.1
231.1
231.1
231.1
231.1
231.1
231.1
231.1
231.1
231.1
231.1
288.89
288.89
288.89
288.89
288.89
288.89
288.89
288.89
288.89
288.89
288.89
288.89
288.89
288.89
288.89
288.89
288.89
288.89
288.89
288.89
288.89
288.89
288.89
288.89
288.89
288.889
288.886
288.877
288.843
288.731
288.367
287.151
282.827
278.802
275.405
271.671
267.65
263.43
259.084
254.665
250.215
245.765
241.342
236.971
232.68
228.5
224.477
220.686
217.265
214.431
212.438
211.337
210.995
211.255
212.357
214.256
216.438
220.37
225.22
232.114
240.184
249.886
260.427
271.538
282.419
292.586
301.549
309.046
314.992
319.429
322.487
324.29
324.608
321.749
307.874
270.423
242.148
231.76
231.156
231.106
231.101
231.1
231.1
231.1
231.1
231.1
231.1
231.1
231.1
231.1
231.1
231.1
231.1
231.1
231.1
231.1
231.1
231.1
231.1
231.1
288.89
288.89
288.89
288.89
288.89
288.89
288.89
288.89
288.89
288.89
288.89
288.89
288.89
288.89
288.89
288.89
288.89
288.89
288.89
288.89
288.89
288.89
288.89
288.89
288.89
288.889
288.886
288.877
288.843
288.731
288.367
287.151
282.827
278.802
275.405
271.671
267.65
263.43
259.084
254.665
250.215
245.765
241.342
236.971
232.68
228.5
224.477
220.686
217.265
214.431
212.438
211.337
210.995
211.255
212.357
214.256
216.438
220.37
225.22
232.114
240.184
249.886
260.427
271.538
282.419
292.586
301.549
309.046
314.992
319.429
322.487
324.29
324.608
321.749
307.874
270.423
242.148
231.76
231.156
231.106
231.101
231.1
231.1
231.1
231.1
231.1
231.1
231.1
231.1
231.1
231.1
231.1
231.1
231.1
231.1
231.1
231.1
231.1
231.1
231.1
288.89
288.89
288.89
288.89
288.89
288.89
288.89
288.89
288.89
288.89
288.89
288.89
288.89
288.89
288.89
288.89
288.89
288.89
288.89
288.89
288.89
288.89
288.89
288.89
288.89
288.889
288.886
288.877
288.843
288.731
288.367
287.151
282.827
278.802
275.405
271.671
267.65
263.43
259.084
254.665
250.215
245.765
241.342
236.971
232.68
228.5
224.477
220.686
217.265
214.431
212.438
211.337
210.995
211.255
212.357
214.256
216.438
220.37
225.22
232.114
240.184
249.886
260.427
271.538
282.419
292.586
301.549
309.046
314.992
319.429
322.487
324.29
324.608
321.749
307.874
270.423
242.148
231.76
231.156
231.106
231.101
231.1
231.1
231.1
231.1
231.1
231.1
231.1
231.1
231.1
231.1
231.1
231.1
231.1
231.1
231.1
231.1
231.1
231.1
231.1
288.89
288.89
288.89
288.89
288.89
288.89
288.89
288.89
288.89
288.89
288.89
288.89
288.89
288.89
288.89
288.89
288.89
288.89
288.89
288.89
288.89
288.89
288.89
288.89
288.89
288.889
288.886
288.877
288.843
288.731
288.367
287.151
282.827
278.802
275.405
271.671
267.65
263.43
259.084
254.665
250.215
245.765
241.342
236.971
232.68
228.5
224.477
220.686
217.265
214.431
212.438
211.337
210.995
211.255
212.357
214.256
216.438
220.37
225.22
232.114
240.184
249.886
260.427
271.538
282.419
292.586
301.549
309.046
314.992
319.429
322.487
324.29
324.608
321.749
307.874
270.423
242.148
231.76
231.156
231.106
231.101
231.1
231.1
231.1
231.1
231.1
231.1
231.1
231.1
231.1
231.1
231.1
231.1
231.1
231.1
231.1
231.1
231.1
231.1
231.1
)
;

boundaryField
{
    sides1
    {
        type            zeroGradient;
    }
    sides2
    {
        type            slip;
    }
    empty
    {
        type            empty;
    }
}


// ************************************************************************* //
