/*--------------------------------*- C++ -*----------------------------------*\
| =========                 |                                                 |
| \\      /  F ield         | OpenFOAM: The Open Source CFD Toolbox           |
|  \\    /   O peration     | Version:  3.0.0                                 |
|   \\  /    A nd           | Web:      www.OpenFOAM.org                      |
|    \\/     M anipulation  |                                                 |
\*---------------------------------------------------------------------------*/
FoamFile
{
    version     2.0;
    format      ascii;
    class       volScalarField;
    location    "0.00015";
    object      thermo:psi;
}
// * * * * * * * * * * * * * * * * * * * * * * * * * * * * * * * * * * * * * //

dimensions      [0 -2 2 0 0 0 0];

internalField   nonuniform List<scalar> 
1000
(
1.20575e-05
1.20575e-05
1.20575e-05
1.20575e-05
1.20575e-05
1.20575e-05
1.20575e-05
1.20575e-05
1.20575e-05
1.20575e-05
1.20575e-05
1.20575e-05
1.20575e-05
1.20575e-05
1.20575e-05
1.20575e-05
1.20575e-05
1.20575e-05
1.20575e-05
1.20575e-05
1.20575e-05
1.20575e-05
1.20575e-05
1.20575e-05
1.20575e-05
1.20575e-05
1.20576e-05
1.2058e-05
1.20594e-05
1.20641e-05
1.20793e-05
1.21305e-05
1.23159e-05
1.24937e-05
1.26478e-05
1.28217e-05
1.30143e-05
1.32228e-05
1.34446e-05
1.36779e-05
1.39211e-05
1.41732e-05
1.4433e-05
1.46992e-05
1.49702e-05
1.52441e-05
1.55173e-05
1.57839e-05
1.60324e-05
1.62443e-05
1.63967e-05
1.64821e-05
1.65088e-05
1.64885e-05
1.64029e-05
1.62576e-05
1.60936e-05
1.58065e-05
1.54661e-05
1.50067e-05
1.45025e-05
1.39395e-05
1.33753e-05
1.2828e-05
1.23337e-05
1.19051e-05
1.15513e-05
1.12711e-05
1.10583e-05
1.09047e-05
1.08013e-05
1.07412e-05
1.07307e-05
1.08261e-05
1.1314e-05
1.28808e-05
1.43849e-05
1.50297e-05
1.50689e-05
1.50722e-05
1.50726e-05
1.50726e-05
1.50726e-05
1.50726e-05
1.50726e-05
1.50726e-05
1.50726e-05
1.50726e-05
1.50726e-05
1.50726e-05
1.50726e-05
1.50726e-05
1.50726e-05
1.50726e-05
1.50726e-05
1.50726e-05
1.50726e-05
1.50726e-05
1.50726e-05
1.50726e-05
1.20575e-05
1.20575e-05
1.20575e-05
1.20575e-05
1.20575e-05
1.20575e-05
1.20575e-05
1.20575e-05
1.20575e-05
1.20575e-05
1.20575e-05
1.20575e-05
1.20575e-05
1.20575e-05
1.20575e-05
1.20575e-05
1.20575e-05
1.20575e-05
1.20575e-05
1.20575e-05
1.20575e-05
1.20575e-05
1.20575e-05
1.20575e-05
1.20575e-05
1.20575e-05
1.20576e-05
1.2058e-05
1.20594e-05
1.20641e-05
1.20793e-05
1.21305e-05
1.23159e-05
1.24937e-05
1.26478e-05
1.28217e-05
1.30143e-05
1.32228e-05
1.34446e-05
1.36779e-05
1.39211e-05
1.41732e-05
1.4433e-05
1.46992e-05
1.49702e-05
1.52441e-05
1.55173e-05
1.57839e-05
1.60324e-05
1.62443e-05
1.63967e-05
1.64821e-05
1.65088e-05
1.64885e-05
1.64029e-05
1.62576e-05
1.60936e-05
1.58065e-05
1.54661e-05
1.50067e-05
1.45025e-05
1.39395e-05
1.33753e-05
1.2828e-05
1.23337e-05
1.19051e-05
1.15513e-05
1.12711e-05
1.10583e-05
1.09047e-05
1.08013e-05
1.07412e-05
1.07307e-05
1.08261e-05
1.1314e-05
1.28808e-05
1.43849e-05
1.50297e-05
1.50689e-05
1.50722e-05
1.50726e-05
1.50726e-05
1.50726e-05
1.50726e-05
1.50726e-05
1.50726e-05
1.50726e-05
1.50726e-05
1.50726e-05
1.50726e-05
1.50726e-05
1.50726e-05
1.50726e-05
1.50726e-05
1.50726e-05
1.50726e-05
1.50726e-05
1.50726e-05
1.50726e-05
1.50726e-05
1.20575e-05
1.20575e-05
1.20575e-05
1.20575e-05
1.20575e-05
1.20575e-05
1.20575e-05
1.20575e-05
1.20575e-05
1.20575e-05
1.20575e-05
1.20575e-05
1.20575e-05
1.20575e-05
1.20575e-05
1.20575e-05
1.20575e-05
1.20575e-05
1.20575e-05
1.20575e-05
1.20575e-05
1.20575e-05
1.20575e-05
1.20575e-05
1.20575e-05
1.20575e-05
1.20576e-05
1.2058e-05
1.20594e-05
1.20641e-05
1.20793e-05
1.21305e-05
1.23159e-05
1.24937e-05
1.26478e-05
1.28217e-05
1.30143e-05
1.32228e-05
1.34446e-05
1.36779e-05
1.39211e-05
1.41732e-05
1.4433e-05
1.46992e-05
1.49702e-05
1.52441e-05
1.55173e-05
1.57839e-05
1.60324e-05
1.62443e-05
1.63967e-05
1.64821e-05
1.65088e-05
1.64885e-05
1.64029e-05
1.62576e-05
1.60936e-05
1.58065e-05
1.54661e-05
1.50067e-05
1.45025e-05
1.39395e-05
1.33753e-05
1.2828e-05
1.23337e-05
1.19051e-05
1.15513e-05
1.12711e-05
1.10583e-05
1.09047e-05
1.08013e-05
1.07412e-05
1.07307e-05
1.08261e-05
1.1314e-05
1.28808e-05
1.43849e-05
1.50297e-05
1.50689e-05
1.50722e-05
1.50726e-05
1.50726e-05
1.50726e-05
1.50726e-05
1.50726e-05
1.50726e-05
1.50726e-05
1.50726e-05
1.50726e-05
1.50726e-05
1.50726e-05
1.50726e-05
1.50726e-05
1.50726e-05
1.50726e-05
1.50726e-05
1.50726e-05
1.50726e-05
1.50726e-05
1.50726e-05
1.20575e-05
1.20575e-05
1.20575e-05
1.20575e-05
1.20575e-05
1.20575e-05
1.20575e-05
1.20575e-05
1.20575e-05
1.20575e-05
1.20575e-05
1.20575e-05
1.20575e-05
1.20575e-05
1.20575e-05
1.20575e-05
1.20575e-05
1.20575e-05
1.20575e-05
1.20575e-05
1.20575e-05
1.20575e-05
1.20575e-05
1.20575e-05
1.20575e-05
1.20575e-05
1.20576e-05
1.2058e-05
1.20594e-05
1.20641e-05
1.20793e-05
1.21305e-05
1.23159e-05
1.24937e-05
1.26478e-05
1.28217e-05
1.30143e-05
1.32228e-05
1.34446e-05
1.36779e-05
1.39211e-05
1.41732e-05
1.4433e-05
1.46992e-05
1.49702e-05
1.52441e-05
1.55173e-05
1.57839e-05
1.60324e-05
1.62443e-05
1.63967e-05
1.64821e-05
1.65088e-05
1.64885e-05
1.64029e-05
1.62576e-05
1.60936e-05
1.58065e-05
1.54661e-05
1.50067e-05
1.45025e-05
1.39395e-05
1.33753e-05
1.2828e-05
1.23337e-05
1.19051e-05
1.15513e-05
1.12711e-05
1.10583e-05
1.09047e-05
1.08013e-05
1.07412e-05
1.07307e-05
1.08261e-05
1.1314e-05
1.28808e-05
1.43849e-05
1.50297e-05
1.50689e-05
1.50722e-05
1.50726e-05
1.50726e-05
1.50726e-05
1.50726e-05
1.50726e-05
1.50726e-05
1.50726e-05
1.50726e-05
1.50726e-05
1.50726e-05
1.50726e-05
1.50726e-05
1.50726e-05
1.50726e-05
1.50726e-05
1.50726e-05
1.50726e-05
1.50726e-05
1.50726e-05
1.50726e-05
1.20575e-05
1.20575e-05
1.20575e-05
1.20575e-05
1.20575e-05
1.20575e-05
1.20575e-05
1.20575e-05
1.20575e-05
1.20575e-05
1.20575e-05
1.20575e-05
1.20575e-05
1.20575e-05
1.20575e-05
1.20575e-05
1.20575e-05
1.20575e-05
1.20575e-05
1.20575e-05
1.20575e-05
1.20575e-05
1.20575e-05
1.20575e-05
1.20575e-05
1.20575e-05
1.20576e-05
1.2058e-05
1.20594e-05
1.20641e-05
1.20793e-05
1.21305e-05
1.23159e-05
1.24937e-05
1.26478e-05
1.28217e-05
1.30143e-05
1.32228e-05
1.34446e-05
1.36779e-05
1.39211e-05
1.41732e-05
1.4433e-05
1.46992e-05
1.49702e-05
1.52441e-05
1.55173e-05
1.57839e-05
1.60324e-05
1.62443e-05
1.63967e-05
1.64821e-05
1.65088e-05
1.64885e-05
1.64029e-05
1.62576e-05
1.60936e-05
1.58065e-05
1.54661e-05
1.50067e-05
1.45025e-05
1.39395e-05
1.33753e-05
1.2828e-05
1.23337e-05
1.19051e-05
1.15513e-05
1.12711e-05
1.10583e-05
1.09047e-05
1.08013e-05
1.07412e-05
1.07307e-05
1.08261e-05
1.1314e-05
1.28808e-05
1.43849e-05
1.50297e-05
1.50689e-05
1.50722e-05
1.50726e-05
1.50726e-05
1.50726e-05
1.50726e-05
1.50726e-05
1.50726e-05
1.50726e-05
1.50726e-05
1.50726e-05
1.50726e-05
1.50726e-05
1.50726e-05
1.50726e-05
1.50726e-05
1.50726e-05
1.50726e-05
1.50726e-05
1.50726e-05
1.50726e-05
1.50726e-05
1.20575e-05
1.20575e-05
1.20575e-05
1.20575e-05
1.20575e-05
1.20575e-05
1.20575e-05
1.20575e-05
1.20575e-05
1.20575e-05
1.20575e-05
1.20575e-05
1.20575e-05
1.20575e-05
1.20575e-05
1.20575e-05
1.20575e-05
1.20575e-05
1.20575e-05
1.20575e-05
1.20575e-05
1.20575e-05
1.20575e-05
1.20575e-05
1.20575e-05
1.20575e-05
1.20576e-05
1.2058e-05
1.20594e-05
1.20641e-05
1.20793e-05
1.21305e-05
1.23159e-05
1.24937e-05
1.26478e-05
1.28217e-05
1.30143e-05
1.32228e-05
1.34446e-05
1.36779e-05
1.39211e-05
1.41732e-05
1.4433e-05
1.46992e-05
1.49702e-05
1.52441e-05
1.55173e-05
1.57839e-05
1.60324e-05
1.62443e-05
1.63967e-05
1.64821e-05
1.65088e-05
1.64885e-05
1.64029e-05
1.62576e-05
1.60936e-05
1.58065e-05
1.54661e-05
1.50067e-05
1.45025e-05
1.39395e-05
1.33753e-05
1.2828e-05
1.23337e-05
1.19051e-05
1.15513e-05
1.12711e-05
1.10583e-05
1.09047e-05
1.08013e-05
1.07412e-05
1.07307e-05
1.08261e-05
1.1314e-05
1.28808e-05
1.43849e-05
1.50297e-05
1.50689e-05
1.50722e-05
1.50726e-05
1.50726e-05
1.50726e-05
1.50726e-05
1.50726e-05
1.50726e-05
1.50726e-05
1.50726e-05
1.50726e-05
1.50726e-05
1.50726e-05
1.50726e-05
1.50726e-05
1.50726e-05
1.50726e-05
1.50726e-05
1.50726e-05
1.50726e-05
1.50726e-05
1.50726e-05
1.20575e-05
1.20575e-05
1.20575e-05
1.20575e-05
1.20575e-05
1.20575e-05
1.20575e-05
1.20575e-05
1.20575e-05
1.20575e-05
1.20575e-05
1.20575e-05
1.20575e-05
1.20575e-05
1.20575e-05
1.20575e-05
1.20575e-05
1.20575e-05
1.20575e-05
1.20575e-05
1.20575e-05
1.20575e-05
1.20575e-05
1.20575e-05
1.20575e-05
1.20575e-05
1.20576e-05
1.2058e-05
1.20594e-05
1.20641e-05
1.20793e-05
1.21305e-05
1.23159e-05
1.24937e-05
1.26478e-05
1.28217e-05
1.30143e-05
1.32228e-05
1.34446e-05
1.36779e-05
1.39211e-05
1.41732e-05
1.4433e-05
1.46992e-05
1.49702e-05
1.52441e-05
1.55173e-05
1.57839e-05
1.60324e-05
1.62443e-05
1.63967e-05
1.64821e-05
1.65088e-05
1.64885e-05
1.64029e-05
1.62576e-05
1.60936e-05
1.58065e-05
1.54661e-05
1.50067e-05
1.45025e-05
1.39395e-05
1.33753e-05
1.2828e-05
1.23337e-05
1.19051e-05
1.15513e-05
1.12711e-05
1.10583e-05
1.09047e-05
1.08013e-05
1.07412e-05
1.07307e-05
1.08261e-05
1.1314e-05
1.28808e-05
1.43849e-05
1.50297e-05
1.50689e-05
1.50722e-05
1.50726e-05
1.50726e-05
1.50726e-05
1.50726e-05
1.50726e-05
1.50726e-05
1.50726e-05
1.50726e-05
1.50726e-05
1.50726e-05
1.50726e-05
1.50726e-05
1.50726e-05
1.50726e-05
1.50726e-05
1.50726e-05
1.50726e-05
1.50726e-05
1.50726e-05
1.50726e-05
1.20575e-05
1.20575e-05
1.20575e-05
1.20575e-05
1.20575e-05
1.20575e-05
1.20575e-05
1.20575e-05
1.20575e-05
1.20575e-05
1.20575e-05
1.20575e-05
1.20575e-05
1.20575e-05
1.20575e-05
1.20575e-05
1.20575e-05
1.20575e-05
1.20575e-05
1.20575e-05
1.20575e-05
1.20575e-05
1.20575e-05
1.20575e-05
1.20575e-05
1.20575e-05
1.20576e-05
1.2058e-05
1.20594e-05
1.20641e-05
1.20793e-05
1.21305e-05
1.23159e-05
1.24937e-05
1.26478e-05
1.28217e-05
1.30143e-05
1.32228e-05
1.34446e-05
1.36779e-05
1.39211e-05
1.41732e-05
1.4433e-05
1.46992e-05
1.49702e-05
1.52441e-05
1.55173e-05
1.57839e-05
1.60324e-05
1.62443e-05
1.63967e-05
1.64821e-05
1.65088e-05
1.64885e-05
1.64029e-05
1.62576e-05
1.60936e-05
1.58065e-05
1.54661e-05
1.50067e-05
1.45025e-05
1.39395e-05
1.33753e-05
1.2828e-05
1.23337e-05
1.19051e-05
1.15513e-05
1.12711e-05
1.10583e-05
1.09047e-05
1.08013e-05
1.07412e-05
1.07307e-05
1.08261e-05
1.1314e-05
1.28808e-05
1.43849e-05
1.50297e-05
1.50689e-05
1.50722e-05
1.50726e-05
1.50726e-05
1.50726e-05
1.50726e-05
1.50726e-05
1.50726e-05
1.50726e-05
1.50726e-05
1.50726e-05
1.50726e-05
1.50726e-05
1.50726e-05
1.50726e-05
1.50726e-05
1.50726e-05
1.50726e-05
1.50726e-05
1.50726e-05
1.50726e-05
1.50726e-05
1.20575e-05
1.20575e-05
1.20575e-05
1.20575e-05
1.20575e-05
1.20575e-05
1.20575e-05
1.20575e-05
1.20575e-05
1.20575e-05
1.20575e-05
1.20575e-05
1.20575e-05
1.20575e-05
1.20575e-05
1.20575e-05
1.20575e-05
1.20575e-05
1.20575e-05
1.20575e-05
1.20575e-05
1.20575e-05
1.20575e-05
1.20575e-05
1.20575e-05
1.20575e-05
1.20576e-05
1.2058e-05
1.20594e-05
1.20641e-05
1.20793e-05
1.21305e-05
1.23159e-05
1.24937e-05
1.26478e-05
1.28217e-05
1.30143e-05
1.32228e-05
1.34446e-05
1.36779e-05
1.39211e-05
1.41732e-05
1.4433e-05
1.46992e-05
1.49702e-05
1.52441e-05
1.55173e-05
1.57839e-05
1.60324e-05
1.62443e-05
1.63967e-05
1.64821e-05
1.65088e-05
1.64885e-05
1.64029e-05
1.62576e-05
1.60936e-05
1.58065e-05
1.54661e-05
1.50067e-05
1.45025e-05
1.39395e-05
1.33753e-05
1.2828e-05
1.23337e-05
1.19051e-05
1.15513e-05
1.12711e-05
1.10583e-05
1.09047e-05
1.08013e-05
1.07412e-05
1.07307e-05
1.08261e-05
1.1314e-05
1.28808e-05
1.43849e-05
1.50297e-05
1.50689e-05
1.50722e-05
1.50726e-05
1.50726e-05
1.50726e-05
1.50726e-05
1.50726e-05
1.50726e-05
1.50726e-05
1.50726e-05
1.50726e-05
1.50726e-05
1.50726e-05
1.50726e-05
1.50726e-05
1.50726e-05
1.50726e-05
1.50726e-05
1.50726e-05
1.50726e-05
1.50726e-05
1.50726e-05
1.20575e-05
1.20575e-05
1.20575e-05
1.20575e-05
1.20575e-05
1.20575e-05
1.20575e-05
1.20575e-05
1.20575e-05
1.20575e-05
1.20575e-05
1.20575e-05
1.20575e-05
1.20575e-05
1.20575e-05
1.20575e-05
1.20575e-05
1.20575e-05
1.20575e-05
1.20575e-05
1.20575e-05
1.20575e-05
1.20575e-05
1.20575e-05
1.20575e-05
1.20575e-05
1.20576e-05
1.2058e-05
1.20594e-05
1.20641e-05
1.20793e-05
1.21305e-05
1.23159e-05
1.24937e-05
1.26478e-05
1.28217e-05
1.30143e-05
1.32228e-05
1.34446e-05
1.36779e-05
1.39211e-05
1.41732e-05
1.4433e-05
1.46992e-05
1.49702e-05
1.52441e-05
1.55173e-05
1.57839e-05
1.60324e-05
1.62443e-05
1.63967e-05
1.64821e-05
1.65088e-05
1.64885e-05
1.64029e-05
1.62576e-05
1.60936e-05
1.58065e-05
1.54661e-05
1.50067e-05
1.45025e-05
1.39395e-05
1.33753e-05
1.2828e-05
1.23337e-05
1.19051e-05
1.15513e-05
1.12711e-05
1.10583e-05
1.09047e-05
1.08013e-05
1.07412e-05
1.07307e-05
1.08261e-05
1.1314e-05
1.28808e-05
1.43849e-05
1.50297e-05
1.50689e-05
1.50722e-05
1.50726e-05
1.50726e-05
1.50726e-05
1.50726e-05
1.50726e-05
1.50726e-05
1.50726e-05
1.50726e-05
1.50726e-05
1.50726e-05
1.50726e-05
1.50726e-05
1.50726e-05
1.50726e-05
1.50726e-05
1.50726e-05
1.50726e-05
1.50726e-05
1.50726e-05
1.50726e-05
)
;

boundaryField
{
    sides1
    {
        type            calculated;
        value           nonuniform List<scalar> 
20
(
1.50726e-05
1.50726e-05
1.50726e-05
1.50726e-05
1.50726e-05
1.50726e-05
1.50726e-05
1.50726e-05
1.50726e-05
1.50726e-05
1.20575e-05
1.20575e-05
1.20575e-05
1.20575e-05
1.20575e-05
1.20575e-05
1.20575e-05
1.20575e-05
1.20575e-05
1.20575e-05
)
;
    }
    sides2
    {
        type            calculated;
        value           nonuniform List<scalar> 
200
(
1.20575e-05
1.20575e-05
1.20575e-05
1.20575e-05
1.20575e-05
1.20575e-05
1.20575e-05
1.20575e-05
1.20575e-05
1.20575e-05
1.20575e-05
1.20575e-05
1.20575e-05
1.20575e-05
1.20575e-05
1.20575e-05
1.20575e-05
1.20575e-05
1.20575e-05
1.20575e-05
1.20575e-05
1.20575e-05
1.20575e-05
1.20575e-05
1.20575e-05
1.20575e-05
1.20576e-05
1.2058e-05
1.20594e-05
1.20641e-05
1.20793e-05
1.21305e-05
1.23159e-05
1.24937e-05
1.26478e-05
1.28217e-05
1.30143e-05
1.32228e-05
1.34446e-05
1.36779e-05
1.39211e-05
1.41732e-05
1.4433e-05
1.46992e-05
1.49702e-05
1.52441e-05
1.55173e-05
1.57839e-05
1.60324e-05
1.62443e-05
1.63967e-05
1.64821e-05
1.65088e-05
1.64885e-05
1.64029e-05
1.62576e-05
1.60936e-05
1.58065e-05
1.54661e-05
1.50067e-05
1.45025e-05
1.39395e-05
1.33753e-05
1.2828e-05
1.23337e-05
1.19051e-05
1.15513e-05
1.12711e-05
1.10583e-05
1.09047e-05
1.08013e-05
1.07412e-05
1.07307e-05
1.08261e-05
1.1314e-05
1.28808e-05
1.43849e-05
1.50297e-05
1.50689e-05
1.50722e-05
1.50726e-05
1.50726e-05
1.50726e-05
1.50726e-05
1.50726e-05
1.50726e-05
1.50726e-05
1.50726e-05
1.50726e-05
1.50726e-05
1.50726e-05
1.50726e-05
1.50726e-05
1.50726e-05
1.50726e-05
1.50726e-05
1.50726e-05
1.50726e-05
1.50726e-05
1.50726e-05
1.20575e-05
1.20575e-05
1.20575e-05
1.20575e-05
1.20575e-05
1.20575e-05
1.20575e-05
1.20575e-05
1.20575e-05
1.20575e-05
1.20575e-05
1.20575e-05
1.20575e-05
1.20575e-05
1.20575e-05
1.20575e-05
1.20575e-05
1.20575e-05
1.20575e-05
1.20575e-05
1.20575e-05
1.20575e-05
1.20575e-05
1.20575e-05
1.20575e-05
1.20575e-05
1.20576e-05
1.2058e-05
1.20594e-05
1.20641e-05
1.20793e-05
1.21305e-05
1.23159e-05
1.24937e-05
1.26478e-05
1.28217e-05
1.30143e-05
1.32228e-05
1.34446e-05
1.36779e-05
1.39211e-05
1.41732e-05
1.4433e-05
1.46992e-05
1.49702e-05
1.52441e-05
1.55173e-05
1.57839e-05
1.60324e-05
1.62443e-05
1.63967e-05
1.64821e-05
1.65088e-05
1.64885e-05
1.64029e-05
1.62576e-05
1.60936e-05
1.58065e-05
1.54661e-05
1.50067e-05
1.45025e-05
1.39395e-05
1.33753e-05
1.2828e-05
1.23337e-05
1.19051e-05
1.15513e-05
1.12711e-05
1.10583e-05
1.09047e-05
1.08013e-05
1.07412e-05
1.07307e-05
1.08261e-05
1.1314e-05
1.28808e-05
1.43849e-05
1.50297e-05
1.50689e-05
1.50722e-05
1.50726e-05
1.50726e-05
1.50726e-05
1.50726e-05
1.50726e-05
1.50726e-05
1.50726e-05
1.50726e-05
1.50726e-05
1.50726e-05
1.50726e-05
1.50726e-05
1.50726e-05
1.50726e-05
1.50726e-05
1.50726e-05
1.50726e-05
1.50726e-05
1.50726e-05
1.50726e-05
)
;
    }
    empty
    {
        type            empty;
    }
}


// ************************************************************************* //
