/*--------------------------------*- C++ -*----------------------------------*\
| =========                 |                                                 |
| \\      /  F ield         | OpenFOAM: The Open Source CFD Toolbox           |
|  \\    /   O peration     | Version:  3.0.0                                 |
|   \\  /    A nd           | Web:      www.OpenFOAM.org                      |
|    \\/     M anipulation  |                                                 |
\*---------------------------------------------------------------------------*/
FoamFile
{
    version     2.0;
    format      ascii;
    class       volScalarField;
    location    "5e-05";
    object      cSound;
}
// * * * * * * * * * * * * * * * * * * * * * * * * * * * * * * * * * * * * * //

dimensions      [0 1 -1 0 0 0 0];

internalField   nonuniform List<scalar> 
1000
(
348.906
348.906
348.906
348.906
348.906
348.906
348.906
348.906
348.906
348.906
348.906
348.906
348.906
348.906
348.906
348.906
348.906
348.906
348.906
348.906
348.906
348.906
348.906
348.906
348.906
348.906
348.906
348.906
348.906
348.906
348.906
348.906
348.906
348.906
348.906
348.906
348.906
348.906
348.905
348.899
348.868
348.724
348.064
344.302
339.063
333.33
326.773
320.161
314.242
309.601
309.066
312.216
319.262
330.041
340.645
351.491
359.226
360.856
347.813
326.313
313.945
312.173
312.074
312.064
312.063
312.063
312.063
312.063
312.063
312.063
312.063
312.063
312.063
312.063
312.063
312.063
312.063
312.063
312.063
312.063
312.063
312.063
312.063
312.063
312.063
312.063
312.063
312.063
312.063
312.063
312.063
312.063
312.063
312.063
312.063
312.063
312.063
312.063
312.063
312.063
348.906
348.906
348.906
348.906
348.906
348.906
348.906
348.906
348.906
348.906
348.906
348.906
348.906
348.906
348.906
348.906
348.906
348.906
348.906
348.906
348.906
348.906
348.906
348.906
348.906
348.906
348.906
348.906
348.906
348.906
348.906
348.906
348.906
348.906
348.906
348.906
348.906
348.906
348.905
348.899
348.868
348.724
348.064
344.302
339.063
333.33
326.773
320.161
314.242
309.601
309.066
312.216
319.262
330.041
340.645
351.491
359.226
360.856
347.813
326.313
313.945
312.173
312.074
312.064
312.063
312.063
312.063
312.063
312.063
312.063
312.063
312.063
312.063
312.063
312.063
312.063
312.063
312.063
312.063
312.063
312.063
312.063
312.063
312.063
312.063
312.063
312.063
312.063
312.063
312.063
312.063
312.063
312.063
312.063
312.063
312.063
312.063
312.063
312.063
312.063
348.906
348.906
348.906
348.906
348.906
348.906
348.906
348.906
348.906
348.906
348.906
348.906
348.906
348.906
348.906
348.906
348.906
348.906
348.906
348.906
348.906
348.906
348.906
348.906
348.906
348.906
348.906
348.906
348.906
348.906
348.906
348.906
348.906
348.906
348.906
348.906
348.906
348.906
348.905
348.899
348.868
348.724
348.064
344.302
339.063
333.33
326.773
320.161
314.242
309.601
309.066
312.216
319.262
330.041
340.645
351.491
359.226
360.856
347.813
326.313
313.945
312.173
312.074
312.064
312.063
312.063
312.063
312.063
312.063
312.063
312.063
312.063
312.063
312.063
312.063
312.063
312.063
312.063
312.063
312.063
312.063
312.063
312.063
312.063
312.063
312.063
312.063
312.063
312.063
312.063
312.063
312.063
312.063
312.063
312.063
312.063
312.063
312.063
312.063
312.063
348.906
348.906
348.906
348.906
348.906
348.906
348.906
348.906
348.906
348.906
348.906
348.906
348.906
348.906
348.906
348.906
348.906
348.906
348.906
348.906
348.906
348.906
348.906
348.906
348.906
348.906
348.906
348.906
348.906
348.906
348.906
348.906
348.906
348.906
348.906
348.906
348.906
348.906
348.905
348.899
348.868
348.724
348.064
344.302
339.063
333.33
326.773
320.161
314.242
309.601
309.066
312.216
319.262
330.041
340.645
351.491
359.226
360.856
347.813
326.313
313.945
312.173
312.074
312.064
312.063
312.063
312.063
312.063
312.063
312.063
312.063
312.063
312.063
312.063
312.063
312.063
312.063
312.063
312.063
312.063
312.063
312.063
312.063
312.063
312.063
312.063
312.063
312.063
312.063
312.063
312.063
312.063
312.063
312.063
312.063
312.063
312.063
312.063
312.063
312.063
348.906
348.906
348.906
348.906
348.906
348.906
348.906
348.906
348.906
348.906
348.906
348.906
348.906
348.906
348.906
348.906
348.906
348.906
348.906
348.906
348.906
348.906
348.906
348.906
348.906
348.906
348.906
348.906
348.906
348.906
348.906
348.906
348.906
348.906
348.906
348.906
348.906
348.906
348.905
348.899
348.868
348.724
348.064
344.302
339.063
333.33
326.773
320.161
314.242
309.601
309.066
312.216
319.262
330.041
340.645
351.491
359.226
360.856
347.813
326.313
313.945
312.173
312.074
312.064
312.063
312.063
312.063
312.063
312.063
312.063
312.063
312.063
312.063
312.063
312.063
312.063
312.063
312.063
312.063
312.063
312.063
312.063
312.063
312.063
312.063
312.063
312.063
312.063
312.063
312.063
312.063
312.063
312.063
312.063
312.063
312.063
312.063
312.063
312.063
312.063
348.906
348.906
348.906
348.906
348.906
348.906
348.906
348.906
348.906
348.906
348.906
348.906
348.906
348.906
348.906
348.906
348.906
348.906
348.906
348.906
348.906
348.906
348.906
348.906
348.906
348.906
348.906
348.906
348.906
348.906
348.906
348.906
348.906
348.906
348.906
348.906
348.906
348.906
348.905
348.899
348.868
348.724
348.064
344.302
339.063
333.33
326.773
320.161
314.242
309.601
309.066
312.216
319.262
330.041
340.645
351.491
359.226
360.856
347.813
326.313
313.945
312.173
312.074
312.064
312.063
312.063
312.063
312.063
312.063
312.063
312.063
312.063
312.063
312.063
312.063
312.063
312.063
312.063
312.063
312.063
312.063
312.063
312.063
312.063
312.063
312.063
312.063
312.063
312.063
312.063
312.063
312.063
312.063
312.063
312.063
312.063
312.063
312.063
312.063
312.063
348.906
348.906
348.906
348.906
348.906
348.906
348.906
348.906
348.906
348.906
348.906
348.906
348.906
348.906
348.906
348.906
348.906
348.906
348.906
348.906
348.906
348.906
348.906
348.906
348.906
348.906
348.906
348.906
348.906
348.906
348.906
348.906
348.906
348.906
348.906
348.906
348.906
348.906
348.905
348.899
348.868
348.724
348.064
344.302
339.063
333.33
326.773
320.161
314.242
309.601
309.066
312.216
319.262
330.041
340.645
351.491
359.226
360.856
347.813
326.313
313.945
312.173
312.074
312.064
312.063
312.063
312.063
312.063
312.063
312.063
312.063
312.063
312.063
312.063
312.063
312.063
312.063
312.063
312.063
312.063
312.063
312.063
312.063
312.063
312.063
312.063
312.063
312.063
312.063
312.063
312.063
312.063
312.063
312.063
312.063
312.063
312.063
312.063
312.063
312.063
348.906
348.906
348.906
348.906
348.906
348.906
348.906
348.906
348.906
348.906
348.906
348.906
348.906
348.906
348.906
348.906
348.906
348.906
348.906
348.906
348.906
348.906
348.906
348.906
348.906
348.906
348.906
348.906
348.906
348.906
348.906
348.906
348.906
348.906
348.906
348.906
348.906
348.906
348.905
348.899
348.868
348.724
348.064
344.302
339.063
333.33
326.773
320.161
314.242
309.601
309.066
312.216
319.262
330.041
340.645
351.491
359.226
360.856
347.813
326.313
313.945
312.173
312.074
312.064
312.063
312.063
312.063
312.063
312.063
312.063
312.063
312.063
312.063
312.063
312.063
312.063
312.063
312.063
312.063
312.063
312.063
312.063
312.063
312.063
312.063
312.063
312.063
312.063
312.063
312.063
312.063
312.063
312.063
312.063
312.063
312.063
312.063
312.063
312.063
312.063
348.906
348.906
348.906
348.906
348.906
348.906
348.906
348.906
348.906
348.906
348.906
348.906
348.906
348.906
348.906
348.906
348.906
348.906
348.906
348.906
348.906
348.906
348.906
348.906
348.906
348.906
348.906
348.906
348.906
348.906
348.906
348.906
348.906
348.906
348.906
348.906
348.906
348.906
348.905
348.899
348.868
348.724
348.064
344.302
339.063
333.33
326.773
320.161
314.242
309.601
309.066
312.216
319.262
330.041
340.645
351.491
359.226
360.856
347.813
326.313
313.945
312.173
312.074
312.064
312.063
312.063
312.063
312.063
312.063
312.063
312.063
312.063
312.063
312.063
312.063
312.063
312.063
312.063
312.063
312.063
312.063
312.063
312.063
312.063
312.063
312.063
312.063
312.063
312.063
312.063
312.063
312.063
312.063
312.063
312.063
312.063
312.063
312.063
312.063
312.063
348.906
348.906
348.906
348.906
348.906
348.906
348.906
348.906
348.906
348.906
348.906
348.906
348.906
348.906
348.906
348.906
348.906
348.906
348.906
348.906
348.906
348.906
348.906
348.906
348.906
348.906
348.906
348.906
348.906
348.906
348.906
348.906
348.906
348.906
348.906
348.906
348.906
348.906
348.905
348.899
348.868
348.724
348.064
344.302
339.063
333.33
326.773
320.161
314.242
309.601
309.066
312.216
319.262
330.041
340.645
351.491
359.226
360.856
347.813
326.313
313.945
312.173
312.074
312.064
312.063
312.063
312.063
312.063
312.063
312.063
312.063
312.063
312.063
312.063
312.063
312.063
312.063
312.063
312.063
312.063
312.063
312.063
312.063
312.063
312.063
312.063
312.063
312.063
312.063
312.063
312.063
312.063
312.063
312.063
312.063
312.063
312.063
312.063
312.063
312.063
)
;

boundaryField
{
    sides1
    {
        type            calculated;
        value           nonuniform List<scalar> 
20
(
312.063
312.063
312.063
312.063
312.063
312.063
312.063
312.063
312.063
312.063
348.906
348.906
348.906
348.906
348.906
348.906
348.906
348.906
348.906
348.906
)
;
    }
    sides2
    {
        type            calculated;
        value           nonuniform List<scalar> 
200
(
348.906
348.906
348.906
348.906
348.906
348.906
348.906
348.906
348.906
348.906
348.906
348.906
348.906
348.906
348.906
348.906
348.906
348.906
348.906
348.906
348.906
348.906
348.906
348.906
348.906
348.906
348.906
348.906
348.906
348.906
348.906
348.906
348.906
348.906
348.906
348.906
348.906
348.906
348.905
348.899
348.868
348.724
348.064
344.302
339.063
333.33
326.773
320.161
314.242
309.601
309.066
312.216
319.262
330.041
340.645
351.491
359.226
360.856
347.813
326.313
313.945
312.173
312.074
312.064
312.063
312.063
312.063
312.063
312.063
312.063
312.063
312.063
312.063
312.063
312.063
312.063
312.063
312.063
312.063
312.063
312.063
312.063
312.063
312.063
312.063
312.063
312.063
312.063
312.063
312.063
312.063
312.063
312.063
312.063
312.063
312.063
312.063
312.063
312.063
312.063
348.906
348.906
348.906
348.906
348.906
348.906
348.906
348.906
348.906
348.906
348.906
348.906
348.906
348.906
348.906
348.906
348.906
348.906
348.906
348.906
348.906
348.906
348.906
348.906
348.906
348.906
348.906
348.906
348.906
348.906
348.906
348.906
348.906
348.906
348.906
348.906
348.906
348.906
348.905
348.899
348.868
348.724
348.064
344.302
339.063
333.33
326.773
320.161
314.242
309.601
309.066
312.216
319.262
330.041
340.645
351.491
359.226
360.856
347.813
326.313
313.945
312.173
312.074
312.064
312.063
312.063
312.063
312.063
312.063
312.063
312.063
312.063
312.063
312.063
312.063
312.063
312.063
312.063
312.063
312.063
312.063
312.063
312.063
312.063
312.063
312.063
312.063
312.063
312.063
312.063
312.063
312.063
312.063
312.063
312.063
312.063
312.063
312.063
312.063
312.063
)
;
    }
    empty
    {
        type            empty;
    }
}


// ************************************************************************* //
