/*--------------------------------*- C++ -*----------------------------------*\
| =========                 |                                                 |
| \\      /  F ield         | OpenFOAM: The Open Source CFD Toolbox           |
|  \\    /   O peration     | Version:  3.0.0                                 |
|   \\  /    A nd           | Web:      www.OpenFOAM.org                      |
|    \\/     M anipulation  |                                                 |
\*---------------------------------------------------------------------------*/
FoamFile
{
    version     2.0;
    format      ascii;
    class       volScalarField;
    location    "5e-05";
    object      p;
}
// * * * * * * * * * * * * * * * * * * * * * * * * * * * * * * * * * * * * * //

dimensions      [1 -1 -2 0 0 0 0];

internalField   nonuniform List<scalar> 
1000
(
68970
68970
68970
68970
68970
68970
68970
68970
68970
68970
68970
68970
68970
68970
68970
68970
68970
68970
68970
68970
68970
68970
68970
68970
68970
68970
68970
68970
68970
68970
68970
68970
68970
68970
68970
68970
68969.9
68969.7
68968
68958.9
68913.8
68708.8
67862.3
64606.5
59094.1
52761.6
45707.5
38953.4
32814.8
28243.8
24025
22710
21365.9
21633.1
21257.7
21055.6
20437.6
17753.8
11496.8
8127.07
7079.79
6914.42
6898.85
6897.19
6897.02
6897
6897
6897
6897
6897
6897
6897
6897
6897
6897
6897
6897
6897
6897
6897
6897
6897
6897
6897
6897
6897
6897
6897
6897
6897
6897
6897
6897
6897
6897
6897
6897
6897
6897
6897
68970
68970
68970
68970
68970
68970
68970
68970
68970
68970
68970
68970
68970
68970
68970
68970
68970
68970
68970
68970
68970
68970
68970
68970
68970
68970
68970
68970
68970
68970
68970
68970
68970
68970
68970
68970
68969.9
68969.7
68968
68958.9
68913.8
68708.8
67862.3
64606.5
59094.1
52761.6
45707.5
38953.4
32814.8
28243.8
24025
22710
21365.9
21633.1
21257.7
21055.6
20437.6
17753.8
11496.8
8127.07
7079.79
6914.42
6898.85
6897.19
6897.02
6897
6897
6897
6897
6897
6897
6897
6897
6897
6897
6897
6897
6897
6897
6897
6897
6897
6897
6897
6897
6897
6897
6897
6897
6897
6897
6897
6897
6897
6897
6897
6897
6897
6897
6897
68970
68970
68970
68970
68970
68970
68970
68970
68970
68970
68970
68970
68970
68970
68970
68970
68970
68970
68970
68970
68970
68970
68970
68970
68970
68970
68970
68970
68970
68970
68970
68970
68970
68970
68970
68970
68969.9
68969.7
68968
68958.9
68913.8
68708.8
67862.3
64606.5
59094.1
52761.6
45707.5
38953.4
32814.8
28243.8
24025
22710
21365.9
21633.1
21257.7
21055.6
20437.6
17753.8
11496.8
8127.07
7079.79
6914.42
6898.85
6897.19
6897.02
6897
6897
6897
6897
6897
6897
6897
6897
6897
6897
6897
6897
6897
6897
6897
6897
6897
6897
6897
6897
6897
6897
6897
6897
6897
6897
6897
6897
6897
6897
6897
6897
6897
6897
6897
68970
68970
68970
68970
68970
68970
68970
68970
68970
68970
68970
68970
68970
68970
68970
68970
68970
68970
68970
68970
68970
68970
68970
68970
68970
68970
68970
68970
68970
68970
68970
68970
68970
68970
68970
68970
68969.9
68969.7
68968
68958.9
68913.8
68708.8
67862.3
64606.5
59094.1
52761.6
45707.5
38953.4
32814.8
28243.8
24025
22710
21365.9
21633.1
21257.7
21055.6
20437.6
17753.8
11496.8
8127.07
7079.79
6914.42
6898.85
6897.19
6897.02
6897
6897
6897
6897
6897
6897
6897
6897
6897
6897
6897
6897
6897
6897
6897
6897
6897
6897
6897
6897
6897
6897
6897
6897
6897
6897
6897
6897
6897
6897
6897
6897
6897
6897
6897
68970
68970
68970
68970
68970
68970
68970
68970
68970
68970
68970
68970
68970
68970
68970
68970
68970
68970
68970
68970
68970
68970
68970
68970
68970
68970
68970
68970
68970
68970
68970
68970
68970
68970
68970
68970
68969.9
68969.7
68968
68958.9
68913.8
68708.8
67862.3
64606.5
59094.1
52761.6
45707.5
38953.4
32814.8
28243.8
24025
22710
21365.9
21633.1
21257.7
21055.6
20437.6
17753.8
11496.8
8127.07
7079.79
6914.42
6898.85
6897.19
6897.02
6897
6897
6897
6897
6897
6897
6897
6897
6897
6897
6897
6897
6897
6897
6897
6897
6897
6897
6897
6897
6897
6897
6897
6897
6897
6897
6897
6897
6897
6897
6897
6897
6897
6897
6897
68970
68970
68970
68970
68970
68970
68970
68970
68970
68970
68970
68970
68970
68970
68970
68970
68970
68970
68970
68970
68970
68970
68970
68970
68970
68970
68970
68970
68970
68970
68970
68970
68970
68970
68970
68970
68969.9
68969.7
68968
68958.9
68913.8
68708.8
67862.3
64606.5
59094.1
52761.6
45707.5
38953.4
32814.8
28243.8
24025
22710
21365.9
21633.1
21257.7
21055.6
20437.6
17753.8
11496.8
8127.07
7079.79
6914.42
6898.85
6897.19
6897.02
6897
6897
6897
6897
6897
6897
6897
6897
6897
6897
6897
6897
6897
6897
6897
6897
6897
6897
6897
6897
6897
6897
6897
6897
6897
6897
6897
6897
6897
6897
6897
6897
6897
6897
6897
68970
68970
68970
68970
68970
68970
68970
68970
68970
68970
68970
68970
68970
68970
68970
68970
68970
68970
68970
68970
68970
68970
68970
68970
68970
68970
68970
68970
68970
68970
68970
68970
68970
68970
68970
68970
68969.9
68969.7
68968
68958.9
68913.8
68708.8
67862.3
64606.5
59094.1
52761.6
45707.5
38953.4
32814.8
28243.8
24025
22710
21365.9
21633.1
21257.7
21055.6
20437.6
17753.8
11496.8
8127.07
7079.79
6914.42
6898.85
6897.19
6897.02
6897
6897
6897
6897
6897
6897
6897
6897
6897
6897
6897
6897
6897
6897
6897
6897
6897
6897
6897
6897
6897
6897
6897
6897
6897
6897
6897
6897
6897
6897
6897
6897
6897
6897
6897
68970
68970
68970
68970
68970
68970
68970
68970
68970
68970
68970
68970
68970
68970
68970
68970
68970
68970
68970
68970
68970
68970
68970
68970
68970
68970
68970
68970
68970
68970
68970
68970
68970
68970
68970
68970
68969.9
68969.7
68968
68958.9
68913.8
68708.8
67862.3
64606.5
59094.1
52761.6
45707.5
38953.4
32814.8
28243.8
24025
22710
21365.9
21633.1
21257.7
21055.6
20437.6
17753.8
11496.8
8127.07
7079.79
6914.42
6898.85
6897.19
6897.02
6897
6897
6897
6897
6897
6897
6897
6897
6897
6897
6897
6897
6897
6897
6897
6897
6897
6897
6897
6897
6897
6897
6897
6897
6897
6897
6897
6897
6897
6897
6897
6897
6897
6897
6897
68970
68970
68970
68970
68970
68970
68970
68970
68970
68970
68970
68970
68970
68970
68970
68970
68970
68970
68970
68970
68970
68970
68970
68970
68970
68970
68970
68970
68970
68970
68970
68970
68970
68970
68970
68970
68969.9
68969.7
68968
68958.9
68913.8
68708.8
67862.3
64606.5
59094.1
52761.6
45707.5
38953.4
32814.8
28243.8
24025
22710
21365.9
21633.1
21257.7
21055.6
20437.6
17753.8
11496.8
8127.07
7079.79
6914.42
6898.85
6897.19
6897.02
6897
6897
6897
6897
6897
6897
6897
6897
6897
6897
6897
6897
6897
6897
6897
6897
6897
6897
6897
6897
6897
6897
6897
6897
6897
6897
6897
6897
6897
6897
6897
6897
6897
6897
6897
68970
68970
68970
68970
68970
68970
68970
68970
68970
68970
68970
68970
68970
68970
68970
68970
68970
68970
68970
68970
68970
68970
68970
68970
68970
68970
68970
68970
68970
68970
68970
68970
68970
68970
68970
68970
68969.9
68969.7
68968
68958.9
68913.8
68708.8
67862.3
64606.5
59094.1
52761.6
45707.5
38953.4
32814.8
28243.8
24025
22710
21365.9
21633.1
21257.7
21055.6
20437.6
17753.8
11496.8
8127.07
7079.79
6914.42
6898.85
6897.19
6897.02
6897
6897
6897
6897
6897
6897
6897
6897
6897
6897
6897
6897
6897
6897
6897
6897
6897
6897
6897
6897
6897
6897
6897
6897
6897
6897
6897
6897
6897
6897
6897
6897
6897
6897
6897
)
;

boundaryField
{
    sides1
    {
        type            zeroGradient;
    }
    sides2
    {
        type            slip;
    }
    empty
    {
        type            empty;
    }
}


// ************************************************************************* //
