/*--------------------------------*- C++ -*----------------------------------*\
| =========                 |                                                 |
| \\      /  F ield         | OpenFOAM: The Open Source CFD Toolbox           |
|  \\    /   O peration     | Version:  3.0.0                                 |
|   \\  /    A nd           | Web:      www.OpenFOAM.org                      |
|    \\/     M anipulation  |                                                 |
\*---------------------------------------------------------------------------*/
FoamFile
{
    version     2.0;
    format      ascii;
    class       volScalarField;
    location    "5e-05";
    object      rho;
}
// * * * * * * * * * * * * * * * * * * * * * * * * * * * * * * * * * * * * * //

dimensions      [1 -3 0 0 0 0 0];

internalField   nonuniform List<scalar> 
1000
(
0.831602
0.831602
0.831602
0.831602
0.831602
0.831602
0.831602
0.831602
0.831602
0.831602
0.831602
0.831602
0.831602
0.831602
0.831602
0.831602
0.831602
0.831602
0.831602
0.831602
0.831602
0.831602
0.831602
0.831602
0.831602
0.831602
0.831602
0.831602
0.831602
0.831602
0.831602
0.831602
0.831602
0.831602
0.831602
0.831602
0.831602
0.831599
0.831584
0.831505
0.831109
0.829318
0.82221
0.799965
0.754496
0.697017
0.628303
0.557806
0.487771
0.432505
0.369177
0.341964
0.30768
0.291512
0.268897
0.250157
0.23247
0.200123
0.139495
0.112031
0.105436
0.104145
0.103976
0.103958
0.103956
0.103956
0.103956
0.103956
0.103956
0.103956
0.103956
0.103956
0.103956
0.103956
0.103956
0.103956
0.103956
0.103956
0.103956
0.103956
0.103956
0.103956
0.103956
0.103956
0.103956
0.103956
0.103956
0.103956
0.103956
0.103956
0.103956
0.103956
0.103956
0.103956
0.103956
0.103956
0.103956
0.103956
0.103956
0.103956
0.831602
0.831602
0.831602
0.831602
0.831602
0.831602
0.831602
0.831602
0.831602
0.831602
0.831602
0.831602
0.831602
0.831602
0.831602
0.831602
0.831602
0.831602
0.831602
0.831602
0.831602
0.831602
0.831602
0.831602
0.831602
0.831602
0.831602
0.831602
0.831602
0.831602
0.831602
0.831602
0.831602
0.831602
0.831602
0.831602
0.831602
0.831599
0.831584
0.831505
0.831109
0.829318
0.82221
0.799965
0.754496
0.697017
0.628303
0.557806
0.487771
0.432505
0.369177
0.341964
0.30768
0.291512
0.268897
0.250157
0.23247
0.200123
0.139495
0.112031
0.105436
0.104145
0.103976
0.103958
0.103956
0.103956
0.103956
0.103956
0.103956
0.103956
0.103956
0.103956
0.103956
0.103956
0.103956
0.103956
0.103956
0.103956
0.103956
0.103956
0.103956
0.103956
0.103956
0.103956
0.103956
0.103956
0.103956
0.103956
0.103956
0.103956
0.103956
0.103956
0.103956
0.103956
0.103956
0.103956
0.103956
0.103956
0.103956
0.103956
0.831602
0.831602
0.831602
0.831602
0.831602
0.831602
0.831602
0.831602
0.831602
0.831602
0.831602
0.831602
0.831602
0.831602
0.831602
0.831602
0.831602
0.831602
0.831602
0.831602
0.831602
0.831602
0.831602
0.831602
0.831602
0.831602
0.831602
0.831602
0.831602
0.831602
0.831602
0.831602
0.831602
0.831602
0.831602
0.831602
0.831602
0.831599
0.831584
0.831505
0.831109
0.829318
0.82221
0.799965
0.754496
0.697017
0.628303
0.557806
0.487771
0.432505
0.369177
0.341964
0.30768
0.291512
0.268897
0.250157
0.23247
0.200123
0.139495
0.112031
0.105436
0.104145
0.103976
0.103958
0.103956
0.103956
0.103956
0.103956
0.103956
0.103956
0.103956
0.103956
0.103956
0.103956
0.103956
0.103956
0.103956
0.103956
0.103956
0.103956
0.103956
0.103956
0.103956
0.103956
0.103956
0.103956
0.103956
0.103956
0.103956
0.103956
0.103956
0.103956
0.103956
0.103956
0.103956
0.103956
0.103956
0.103956
0.103956
0.103956
0.831602
0.831602
0.831602
0.831602
0.831602
0.831602
0.831602
0.831602
0.831602
0.831602
0.831602
0.831602
0.831602
0.831602
0.831602
0.831602
0.831602
0.831602
0.831602
0.831602
0.831602
0.831602
0.831602
0.831602
0.831602
0.831602
0.831602
0.831602
0.831602
0.831602
0.831602
0.831602
0.831602
0.831602
0.831602
0.831602
0.831602
0.831599
0.831584
0.831505
0.831109
0.829318
0.82221
0.799965
0.754496
0.697017
0.628303
0.557806
0.487771
0.432505
0.369177
0.341964
0.30768
0.291512
0.268897
0.250157
0.23247
0.200123
0.139495
0.112031
0.105436
0.104145
0.103976
0.103958
0.103956
0.103956
0.103956
0.103956
0.103956
0.103956
0.103956
0.103956
0.103956
0.103956
0.103956
0.103956
0.103956
0.103956
0.103956
0.103956
0.103956
0.103956
0.103956
0.103956
0.103956
0.103956
0.103956
0.103956
0.103956
0.103956
0.103956
0.103956
0.103956
0.103956
0.103956
0.103956
0.103956
0.103956
0.103956
0.103956
0.831602
0.831602
0.831602
0.831602
0.831602
0.831602
0.831602
0.831602
0.831602
0.831602
0.831602
0.831602
0.831602
0.831602
0.831602
0.831602
0.831602
0.831602
0.831602
0.831602
0.831602
0.831602
0.831602
0.831602
0.831602
0.831602
0.831602
0.831602
0.831602
0.831602
0.831602
0.831602
0.831602
0.831602
0.831602
0.831602
0.831602
0.831599
0.831584
0.831505
0.831109
0.829318
0.82221
0.799965
0.754496
0.697017
0.628303
0.557806
0.487771
0.432505
0.369177
0.341964
0.30768
0.291512
0.268897
0.250157
0.23247
0.200123
0.139495
0.112031
0.105436
0.104145
0.103976
0.103958
0.103956
0.103956
0.103956
0.103956
0.103956
0.103956
0.103956
0.103956
0.103956
0.103956
0.103956
0.103956
0.103956
0.103956
0.103956
0.103956
0.103956
0.103956
0.103956
0.103956
0.103956
0.103956
0.103956
0.103956
0.103956
0.103956
0.103956
0.103956
0.103956
0.103956
0.103956
0.103956
0.103956
0.103956
0.103956
0.103956
0.831602
0.831602
0.831602
0.831602
0.831602
0.831602
0.831602
0.831602
0.831602
0.831602
0.831602
0.831602
0.831602
0.831602
0.831602
0.831602
0.831602
0.831602
0.831602
0.831602
0.831602
0.831602
0.831602
0.831602
0.831602
0.831602
0.831602
0.831602
0.831602
0.831602
0.831602
0.831602
0.831602
0.831602
0.831602
0.831602
0.831602
0.831599
0.831584
0.831505
0.831109
0.829318
0.82221
0.799965
0.754496
0.697017
0.628303
0.557806
0.487771
0.432505
0.369177
0.341964
0.30768
0.291512
0.268897
0.250157
0.23247
0.200123
0.139495
0.112031
0.105436
0.104145
0.103976
0.103958
0.103956
0.103956
0.103956
0.103956
0.103956
0.103956
0.103956
0.103956
0.103956
0.103956
0.103956
0.103956
0.103956
0.103956
0.103956
0.103956
0.103956
0.103956
0.103956
0.103956
0.103956
0.103956
0.103956
0.103956
0.103956
0.103956
0.103956
0.103956
0.103956
0.103956
0.103956
0.103956
0.103956
0.103956
0.103956
0.103956
0.831602
0.831602
0.831602
0.831602
0.831602
0.831602
0.831602
0.831602
0.831602
0.831602
0.831602
0.831602
0.831602
0.831602
0.831602
0.831602
0.831602
0.831602
0.831602
0.831602
0.831602
0.831602
0.831602
0.831602
0.831602
0.831602
0.831602
0.831602
0.831602
0.831602
0.831602
0.831602
0.831602
0.831602
0.831602
0.831602
0.831602
0.831599
0.831584
0.831505
0.831109
0.829318
0.82221
0.799965
0.754496
0.697017
0.628303
0.557806
0.487771
0.432505
0.369177
0.341964
0.30768
0.291512
0.268897
0.250157
0.23247
0.200123
0.139495
0.112031
0.105436
0.104145
0.103976
0.103958
0.103956
0.103956
0.103956
0.103956
0.103956
0.103956
0.103956
0.103956
0.103956
0.103956
0.103956
0.103956
0.103956
0.103956
0.103956
0.103956
0.103956
0.103956
0.103956
0.103956
0.103956
0.103956
0.103956
0.103956
0.103956
0.103956
0.103956
0.103956
0.103956
0.103956
0.103956
0.103956
0.103956
0.103956
0.103956
0.103956
0.831602
0.831602
0.831602
0.831602
0.831602
0.831602
0.831602
0.831602
0.831602
0.831602
0.831602
0.831602
0.831602
0.831602
0.831602
0.831602
0.831602
0.831602
0.831602
0.831602
0.831602
0.831602
0.831602
0.831602
0.831602
0.831602
0.831602
0.831602
0.831602
0.831602
0.831602
0.831602
0.831602
0.831602
0.831602
0.831602
0.831602
0.831599
0.831584
0.831505
0.831109
0.829318
0.82221
0.799965
0.754496
0.697017
0.628303
0.557806
0.487771
0.432505
0.369177
0.341964
0.30768
0.291512
0.268897
0.250157
0.23247
0.200123
0.139495
0.112031
0.105436
0.104145
0.103976
0.103958
0.103956
0.103956
0.103956
0.103956
0.103956
0.103956
0.103956
0.103956
0.103956
0.103956
0.103956
0.103956
0.103956
0.103956
0.103956
0.103956
0.103956
0.103956
0.103956
0.103956
0.103956
0.103956
0.103956
0.103956
0.103956
0.103956
0.103956
0.103956
0.103956
0.103956
0.103956
0.103956
0.103956
0.103956
0.103956
0.103956
0.831602
0.831602
0.831602
0.831602
0.831602
0.831602
0.831602
0.831602
0.831602
0.831602
0.831602
0.831602
0.831602
0.831602
0.831602
0.831602
0.831602
0.831602
0.831602
0.831602
0.831602
0.831602
0.831602
0.831602
0.831602
0.831602
0.831602
0.831602
0.831602
0.831602
0.831602
0.831602
0.831602
0.831602
0.831602
0.831602
0.831602
0.831599
0.831584
0.831505
0.831109
0.829318
0.82221
0.799965
0.754496
0.697017
0.628303
0.557806
0.487771
0.432505
0.369177
0.341964
0.30768
0.291512
0.268897
0.250157
0.23247
0.200123
0.139495
0.112031
0.105436
0.104145
0.103976
0.103958
0.103956
0.103956
0.103956
0.103956
0.103956
0.103956
0.103956
0.103956
0.103956
0.103956
0.103956
0.103956
0.103956
0.103956
0.103956
0.103956
0.103956
0.103956
0.103956
0.103956
0.103956
0.103956
0.103956
0.103956
0.103956
0.103956
0.103956
0.103956
0.103956
0.103956
0.103956
0.103956
0.103956
0.103956
0.103956
0.103956
0.831602
0.831602
0.831602
0.831602
0.831602
0.831602
0.831602
0.831602
0.831602
0.831602
0.831602
0.831602
0.831602
0.831602
0.831602
0.831602
0.831602
0.831602
0.831602
0.831602
0.831602
0.831602
0.831602
0.831602
0.831602
0.831602
0.831602
0.831602
0.831602
0.831602
0.831602
0.831602
0.831602
0.831602
0.831602
0.831602
0.831602
0.831599
0.831584
0.831505
0.831109
0.829318
0.82221
0.799965
0.754496
0.697017
0.628303
0.557806
0.487771
0.432505
0.369177
0.341964
0.30768
0.291512
0.268897
0.250157
0.23247
0.200123
0.139495
0.112031
0.105436
0.104145
0.103976
0.103958
0.103956
0.103956
0.103956
0.103956
0.103956
0.103956
0.103956
0.103956
0.103956
0.103956
0.103956
0.103956
0.103956
0.103956
0.103956
0.103956
0.103956
0.103956
0.103956
0.103956
0.103956
0.103956
0.103956
0.103956
0.103956
0.103956
0.103956
0.103956
0.103956
0.103956
0.103956
0.103956
0.103956
0.103956
0.103956
0.103956
)
;

boundaryField
{
    sides1
    {
        type            calculated;
        value           nonuniform List<scalar> 
20
(
0.103956
0.103956
0.103956
0.103956
0.103956
0.103956
0.103956
0.103956
0.103956
0.103956
0.831602
0.831602
0.831602
0.831602
0.831602
0.831602
0.831602
0.831602
0.831602
0.831602
)
;
    }
    sides2
    {
        type            calculated;
        value           nonuniform List<scalar> 
200
(
0.831602
0.831602
0.831602
0.831602
0.831602
0.831602
0.831602
0.831602
0.831602
0.831602
0.831602
0.831602
0.831602
0.831602
0.831602
0.831602
0.831602
0.831602
0.831602
0.831602
0.831602
0.831602
0.831602
0.831602
0.831602
0.831602
0.831602
0.831602
0.831602
0.831602
0.831602
0.831602
0.831602
0.831602
0.831602
0.831602
0.831602
0.831599
0.831584
0.831505
0.831109
0.829318
0.82221
0.799965
0.754496
0.697017
0.628303
0.557806
0.487771
0.432505
0.369177
0.341964
0.30768
0.291512
0.268897
0.250157
0.23247
0.200123
0.139495
0.112031
0.105436
0.104145
0.103976
0.103958
0.103956
0.103956
0.103956
0.103956
0.103956
0.103956
0.103956
0.103956
0.103956
0.103956
0.103956
0.103956
0.103956
0.103956
0.103956
0.103956
0.103956
0.103956
0.103956
0.103956
0.103956
0.103956
0.103956
0.103956
0.103956
0.103956
0.103956
0.103956
0.103956
0.103956
0.103956
0.103956
0.103956
0.103956
0.103956
0.103956
0.831602
0.831602
0.831602
0.831602
0.831602
0.831602
0.831602
0.831602
0.831602
0.831602
0.831602
0.831602
0.831602
0.831602
0.831602
0.831602
0.831602
0.831602
0.831602
0.831602
0.831602
0.831602
0.831602
0.831602
0.831602
0.831602
0.831602
0.831602
0.831602
0.831602
0.831602
0.831602
0.831602
0.831602
0.831602
0.831602
0.831602
0.831599
0.831584
0.831505
0.831109
0.829318
0.82221
0.799965
0.754496
0.697017
0.628303
0.557806
0.487771
0.432505
0.369177
0.341964
0.30768
0.291512
0.268897
0.250157
0.23247
0.200123
0.139495
0.112031
0.105436
0.104145
0.103976
0.103958
0.103956
0.103956
0.103956
0.103956
0.103956
0.103956
0.103956
0.103956
0.103956
0.103956
0.103956
0.103956
0.103956
0.103956
0.103956
0.103956
0.103956
0.103956
0.103956
0.103956
0.103956
0.103956
0.103956
0.103956
0.103956
0.103956
0.103956
0.103956
0.103956
0.103956
0.103956
0.103956
0.103956
0.103956
0.103956
0.103956
)
;
    }
    empty
    {
        type            empty;
    }
}


// ************************************************************************* //
