/*--------------------------------*- C++ -*----------------------------------*\
| =========                 |                                                 |
| \\      /  F ield         | OpenFOAM: The Open Source CFD Toolbox           |
|  \\    /   O peration     | Version:  3.0.0                                 |
|   \\  /    A nd           | Web:      www.OpenFOAM.org                      |
|    \\/     M anipulation  |                                                 |
\*---------------------------------------------------------------------------*/
FoamFile
{
    version     2.0;
    format      ascii;
    class       volScalarField;
    location    "5e-05";
    object      T;
}
// * * * * * * * * * * * * * * * * * * * * * * * * * * * * * * * * * * * * * //

dimensions      [0 0 0 1 0 0 0];

internalField   nonuniform List<scalar> 
1000
(
288.89
288.89
288.89
288.89
288.89
288.89
288.89
288.89
288.89
288.89
288.89
288.89
288.89
288.89
288.89
288.89
288.89
288.89
288.89
288.89
288.89
288.89
288.89
288.89
288.89
288.89
288.89
288.89
288.89
288.89
288.89
288.89
288.89
288.89
288.89
288.89
288.89
288.89
288.888
288.877
288.826
288.589
287.497
281.315
272.82
263.671
253.4
243.249
234.338
227.467
226.682
231.327
241.886
258.495
275.371
293.185
306.232
309.017
287.083
252.688
233.895
231.262
231.117
231.102
231.1
231.1
231.1
231.1
231.1
231.1
231.1
231.1
231.1
231.1
231.1
231.1
231.1
231.1
231.1
231.1
231.1
231.1
231.1
231.1
231.1
231.1
231.1
231.1
231.1
231.1
231.1
231.1
231.1
231.1
231.1
231.1
231.1
231.1
231.1
231.1
288.89
288.89
288.89
288.89
288.89
288.89
288.89
288.89
288.89
288.89
288.89
288.89
288.89
288.89
288.89
288.89
288.89
288.89
288.89
288.89
288.89
288.89
288.89
288.89
288.89
288.89
288.89
288.89
288.89
288.89
288.89
288.89
288.89
288.89
288.89
288.89
288.89
288.89
288.888
288.877
288.826
288.589
287.497
281.315
272.82
263.671
253.4
243.249
234.338
227.467
226.682
231.327
241.886
258.495
275.371
293.185
306.232
309.017
287.083
252.688
233.895
231.262
231.117
231.102
231.1
231.1
231.1
231.1
231.1
231.1
231.1
231.1
231.1
231.1
231.1
231.1
231.1
231.1
231.1
231.1
231.1
231.1
231.1
231.1
231.1
231.1
231.1
231.1
231.1
231.1
231.1
231.1
231.1
231.1
231.1
231.1
231.1
231.1
231.1
231.1
288.89
288.89
288.89
288.89
288.89
288.89
288.89
288.89
288.89
288.89
288.89
288.89
288.89
288.89
288.89
288.89
288.89
288.89
288.89
288.89
288.89
288.89
288.89
288.89
288.89
288.89
288.89
288.89
288.89
288.89
288.89
288.89
288.89
288.89
288.89
288.89
288.89
288.89
288.888
288.877
288.826
288.589
287.497
281.315
272.82
263.671
253.4
243.249
234.338
227.467
226.682
231.327
241.886
258.495
275.371
293.185
306.232
309.017
287.083
252.688
233.895
231.262
231.117
231.102
231.1
231.1
231.1
231.1
231.1
231.1
231.1
231.1
231.1
231.1
231.1
231.1
231.1
231.1
231.1
231.1
231.1
231.1
231.1
231.1
231.1
231.1
231.1
231.1
231.1
231.1
231.1
231.1
231.1
231.1
231.1
231.1
231.1
231.1
231.1
231.1
288.89
288.89
288.89
288.89
288.89
288.89
288.89
288.89
288.89
288.89
288.89
288.89
288.89
288.89
288.89
288.89
288.89
288.89
288.89
288.89
288.89
288.89
288.89
288.89
288.89
288.89
288.89
288.89
288.89
288.89
288.89
288.89
288.89
288.89
288.89
288.89
288.89
288.89
288.888
288.877
288.826
288.589
287.497
281.315
272.82
263.671
253.4
243.249
234.338
227.467
226.682
231.327
241.886
258.495
275.371
293.185
306.232
309.017
287.083
252.688
233.895
231.262
231.117
231.102
231.1
231.1
231.1
231.1
231.1
231.1
231.1
231.1
231.1
231.1
231.1
231.1
231.1
231.1
231.1
231.1
231.1
231.1
231.1
231.1
231.1
231.1
231.1
231.1
231.1
231.1
231.1
231.1
231.1
231.1
231.1
231.1
231.1
231.1
231.1
231.1
288.89
288.89
288.89
288.89
288.89
288.89
288.89
288.89
288.89
288.89
288.89
288.89
288.89
288.89
288.89
288.89
288.89
288.89
288.89
288.89
288.89
288.89
288.89
288.89
288.89
288.89
288.89
288.89
288.89
288.89
288.89
288.89
288.89
288.89
288.89
288.89
288.89
288.89
288.888
288.877
288.826
288.589
287.497
281.315
272.82
263.671
253.4
243.249
234.338
227.467
226.682
231.327
241.886
258.495
275.371
293.185
306.232
309.017
287.083
252.688
233.895
231.262
231.117
231.102
231.1
231.1
231.1
231.1
231.1
231.1
231.1
231.1
231.1
231.1
231.1
231.1
231.1
231.1
231.1
231.1
231.1
231.1
231.1
231.1
231.1
231.1
231.1
231.1
231.1
231.1
231.1
231.1
231.1
231.1
231.1
231.1
231.1
231.1
231.1
231.1
288.89
288.89
288.89
288.89
288.89
288.89
288.89
288.89
288.89
288.89
288.89
288.89
288.89
288.89
288.89
288.89
288.89
288.89
288.89
288.89
288.89
288.89
288.89
288.89
288.89
288.89
288.89
288.89
288.89
288.89
288.89
288.89
288.89
288.89
288.89
288.89
288.89
288.89
288.888
288.877
288.826
288.589
287.497
281.315
272.82
263.671
253.4
243.249
234.338
227.467
226.682
231.327
241.886
258.495
275.371
293.185
306.232
309.017
287.083
252.688
233.895
231.262
231.117
231.102
231.1
231.1
231.1
231.1
231.1
231.1
231.1
231.1
231.1
231.1
231.1
231.1
231.1
231.1
231.1
231.1
231.1
231.1
231.1
231.1
231.1
231.1
231.1
231.1
231.1
231.1
231.1
231.1
231.1
231.1
231.1
231.1
231.1
231.1
231.1
231.1
288.89
288.89
288.89
288.89
288.89
288.89
288.89
288.89
288.89
288.89
288.89
288.89
288.89
288.89
288.89
288.89
288.89
288.89
288.89
288.89
288.89
288.89
288.89
288.89
288.89
288.89
288.89
288.89
288.89
288.89
288.89
288.89
288.89
288.89
288.89
288.89
288.89
288.89
288.888
288.877
288.826
288.589
287.497
281.315
272.82
263.671
253.4
243.249
234.338
227.467
226.682
231.327
241.886
258.495
275.371
293.185
306.232
309.017
287.083
252.688
233.895
231.262
231.117
231.102
231.1
231.1
231.1
231.1
231.1
231.1
231.1
231.1
231.1
231.1
231.1
231.1
231.1
231.1
231.1
231.1
231.1
231.1
231.1
231.1
231.1
231.1
231.1
231.1
231.1
231.1
231.1
231.1
231.1
231.1
231.1
231.1
231.1
231.1
231.1
231.1
288.89
288.89
288.89
288.89
288.89
288.89
288.89
288.89
288.89
288.89
288.89
288.89
288.89
288.89
288.89
288.89
288.89
288.89
288.89
288.89
288.89
288.89
288.89
288.89
288.89
288.89
288.89
288.89
288.89
288.89
288.89
288.89
288.89
288.89
288.89
288.89
288.89
288.89
288.888
288.877
288.826
288.589
287.497
281.315
272.82
263.671
253.4
243.249
234.338
227.467
226.682
231.327
241.886
258.495
275.371
293.185
306.232
309.017
287.083
252.688
233.895
231.262
231.117
231.102
231.1
231.1
231.1
231.1
231.1
231.1
231.1
231.1
231.1
231.1
231.1
231.1
231.1
231.1
231.1
231.1
231.1
231.1
231.1
231.1
231.1
231.1
231.1
231.1
231.1
231.1
231.1
231.1
231.1
231.1
231.1
231.1
231.1
231.1
231.1
231.1
288.89
288.89
288.89
288.89
288.89
288.89
288.89
288.89
288.89
288.89
288.89
288.89
288.89
288.89
288.89
288.89
288.89
288.89
288.89
288.89
288.89
288.89
288.89
288.89
288.89
288.89
288.89
288.89
288.89
288.89
288.89
288.89
288.89
288.89
288.89
288.89
288.89
288.89
288.888
288.877
288.826
288.589
287.497
281.315
272.82
263.671
253.4
243.249
234.338
227.467
226.682
231.327
241.886
258.495
275.371
293.185
306.232
309.017
287.083
252.688
233.895
231.262
231.117
231.102
231.1
231.1
231.1
231.1
231.1
231.1
231.1
231.1
231.1
231.1
231.1
231.1
231.1
231.1
231.1
231.1
231.1
231.1
231.1
231.1
231.1
231.1
231.1
231.1
231.1
231.1
231.1
231.1
231.1
231.1
231.1
231.1
231.1
231.1
231.1
231.1
288.89
288.89
288.89
288.89
288.89
288.89
288.89
288.89
288.89
288.89
288.89
288.89
288.89
288.89
288.89
288.89
288.89
288.89
288.89
288.89
288.89
288.89
288.89
288.89
288.89
288.89
288.89
288.89
288.89
288.89
288.89
288.89
288.89
288.89
288.89
288.89
288.89
288.89
288.888
288.877
288.826
288.589
287.497
281.315
272.82
263.671
253.4
243.249
234.338
227.467
226.682
231.327
241.886
258.495
275.371
293.185
306.232
309.017
287.083
252.688
233.895
231.262
231.117
231.102
231.1
231.1
231.1
231.1
231.1
231.1
231.1
231.1
231.1
231.1
231.1
231.1
231.1
231.1
231.1
231.1
231.1
231.1
231.1
231.1
231.1
231.1
231.1
231.1
231.1
231.1
231.1
231.1
231.1
231.1
231.1
231.1
231.1
231.1
231.1
231.1
)
;

boundaryField
{
    sides1
    {
        type            zeroGradient;
    }
    sides2
    {
        type            slip;
    }
    empty
    {
        type            empty;
    }
}


// ************************************************************************* //
