/*--------------------------------*- C++ -*----------------------------------*\
| =========                 |                                                 |
| \\      /  F ield         | OpenFOAM: The Open Source CFD Toolbox           |
|  \\    /   O peration     | Version:  3.0.0                                 |
|   \\  /    A nd           | Web:      www.OpenFOAM.org                      |
|    \\/     M anipulation  |                                                 |
\*---------------------------------------------------------------------------*/
FoamFile
{
    version     2.0;
    format      ascii;
    class       volScalarField;
    location    "5e-05";
    object      thermo:psi;
}
// * * * * * * * * * * * * * * * * * * * * * * * * * * * * * * * * * * * * * //

dimensions      [0 -2 2 0 0 0 0];

internalField   nonuniform List<scalar> 
1000
(
1.20575e-05
1.20575e-05
1.20575e-05
1.20575e-05
1.20575e-05
1.20575e-05
1.20575e-05
1.20575e-05
1.20575e-05
1.20575e-05
1.20575e-05
1.20575e-05
1.20575e-05
1.20575e-05
1.20575e-05
1.20575e-05
1.20575e-05
1.20575e-05
1.20575e-05
1.20575e-05
1.20575e-05
1.20575e-05
1.20575e-05
1.20575e-05
1.20575e-05
1.20575e-05
1.20575e-05
1.20575e-05
1.20575e-05
1.20575e-05
1.20575e-05
1.20575e-05
1.20575e-05
1.20575e-05
1.20575e-05
1.20575e-05
1.20575e-05
1.20575e-05
1.20575e-05
1.2058e-05
1.20601e-05
1.207e-05
1.21159e-05
1.23821e-05
1.27677e-05
1.32107e-05
1.37462e-05
1.43198e-05
1.48644e-05
1.53133e-05
1.53663e-05
1.50578e-05
1.44005e-05
1.34752e-05
1.26494e-05
1.18808e-05
1.13746e-05
1.12721e-05
1.21334e-05
1.37849e-05
1.48925e-05
1.5062e-05
1.50715e-05
1.50725e-05
1.50726e-05
1.50726e-05
1.50726e-05
1.50726e-05
1.50726e-05
1.50726e-05
1.50726e-05
1.50726e-05
1.50726e-05
1.50726e-05
1.50726e-05
1.50726e-05
1.50726e-05
1.50726e-05
1.50726e-05
1.50726e-05
1.50726e-05
1.50726e-05
1.50726e-05
1.50726e-05
1.50726e-05
1.50726e-05
1.50726e-05
1.50726e-05
1.50726e-05
1.50726e-05
1.50726e-05
1.50726e-05
1.50726e-05
1.50726e-05
1.50726e-05
1.50726e-05
1.50726e-05
1.50726e-05
1.50726e-05
1.50726e-05
1.20575e-05
1.20575e-05
1.20575e-05
1.20575e-05
1.20575e-05
1.20575e-05
1.20575e-05
1.20575e-05
1.20575e-05
1.20575e-05
1.20575e-05
1.20575e-05
1.20575e-05
1.20575e-05
1.20575e-05
1.20575e-05
1.20575e-05
1.20575e-05
1.20575e-05
1.20575e-05
1.20575e-05
1.20575e-05
1.20575e-05
1.20575e-05
1.20575e-05
1.20575e-05
1.20575e-05
1.20575e-05
1.20575e-05
1.20575e-05
1.20575e-05
1.20575e-05
1.20575e-05
1.20575e-05
1.20575e-05
1.20575e-05
1.20575e-05
1.20575e-05
1.20575e-05
1.2058e-05
1.20601e-05
1.207e-05
1.21159e-05
1.23821e-05
1.27677e-05
1.32107e-05
1.37462e-05
1.43198e-05
1.48644e-05
1.53133e-05
1.53663e-05
1.50578e-05
1.44005e-05
1.34752e-05
1.26494e-05
1.18808e-05
1.13746e-05
1.12721e-05
1.21334e-05
1.37849e-05
1.48925e-05
1.5062e-05
1.50715e-05
1.50725e-05
1.50726e-05
1.50726e-05
1.50726e-05
1.50726e-05
1.50726e-05
1.50726e-05
1.50726e-05
1.50726e-05
1.50726e-05
1.50726e-05
1.50726e-05
1.50726e-05
1.50726e-05
1.50726e-05
1.50726e-05
1.50726e-05
1.50726e-05
1.50726e-05
1.50726e-05
1.50726e-05
1.50726e-05
1.50726e-05
1.50726e-05
1.50726e-05
1.50726e-05
1.50726e-05
1.50726e-05
1.50726e-05
1.50726e-05
1.50726e-05
1.50726e-05
1.50726e-05
1.50726e-05
1.50726e-05
1.50726e-05
1.50726e-05
1.20575e-05
1.20575e-05
1.20575e-05
1.20575e-05
1.20575e-05
1.20575e-05
1.20575e-05
1.20575e-05
1.20575e-05
1.20575e-05
1.20575e-05
1.20575e-05
1.20575e-05
1.20575e-05
1.20575e-05
1.20575e-05
1.20575e-05
1.20575e-05
1.20575e-05
1.20575e-05
1.20575e-05
1.20575e-05
1.20575e-05
1.20575e-05
1.20575e-05
1.20575e-05
1.20575e-05
1.20575e-05
1.20575e-05
1.20575e-05
1.20575e-05
1.20575e-05
1.20575e-05
1.20575e-05
1.20575e-05
1.20575e-05
1.20575e-05
1.20575e-05
1.20575e-05
1.2058e-05
1.20601e-05
1.207e-05
1.21159e-05
1.23821e-05
1.27677e-05
1.32107e-05
1.37462e-05
1.43198e-05
1.48644e-05
1.53133e-05
1.53663e-05
1.50578e-05
1.44005e-05
1.34752e-05
1.26494e-05
1.18808e-05
1.13746e-05
1.12721e-05
1.21334e-05
1.37849e-05
1.48925e-05
1.5062e-05
1.50715e-05
1.50725e-05
1.50726e-05
1.50726e-05
1.50726e-05
1.50726e-05
1.50726e-05
1.50726e-05
1.50726e-05
1.50726e-05
1.50726e-05
1.50726e-05
1.50726e-05
1.50726e-05
1.50726e-05
1.50726e-05
1.50726e-05
1.50726e-05
1.50726e-05
1.50726e-05
1.50726e-05
1.50726e-05
1.50726e-05
1.50726e-05
1.50726e-05
1.50726e-05
1.50726e-05
1.50726e-05
1.50726e-05
1.50726e-05
1.50726e-05
1.50726e-05
1.50726e-05
1.50726e-05
1.50726e-05
1.50726e-05
1.50726e-05
1.50726e-05
1.20575e-05
1.20575e-05
1.20575e-05
1.20575e-05
1.20575e-05
1.20575e-05
1.20575e-05
1.20575e-05
1.20575e-05
1.20575e-05
1.20575e-05
1.20575e-05
1.20575e-05
1.20575e-05
1.20575e-05
1.20575e-05
1.20575e-05
1.20575e-05
1.20575e-05
1.20575e-05
1.20575e-05
1.20575e-05
1.20575e-05
1.20575e-05
1.20575e-05
1.20575e-05
1.20575e-05
1.20575e-05
1.20575e-05
1.20575e-05
1.20575e-05
1.20575e-05
1.20575e-05
1.20575e-05
1.20575e-05
1.20575e-05
1.20575e-05
1.20575e-05
1.20575e-05
1.2058e-05
1.20601e-05
1.207e-05
1.21159e-05
1.23821e-05
1.27677e-05
1.32107e-05
1.37462e-05
1.43198e-05
1.48644e-05
1.53133e-05
1.53663e-05
1.50578e-05
1.44005e-05
1.34752e-05
1.26494e-05
1.18808e-05
1.13746e-05
1.12721e-05
1.21334e-05
1.37849e-05
1.48925e-05
1.5062e-05
1.50715e-05
1.50725e-05
1.50726e-05
1.50726e-05
1.50726e-05
1.50726e-05
1.50726e-05
1.50726e-05
1.50726e-05
1.50726e-05
1.50726e-05
1.50726e-05
1.50726e-05
1.50726e-05
1.50726e-05
1.50726e-05
1.50726e-05
1.50726e-05
1.50726e-05
1.50726e-05
1.50726e-05
1.50726e-05
1.50726e-05
1.50726e-05
1.50726e-05
1.50726e-05
1.50726e-05
1.50726e-05
1.50726e-05
1.50726e-05
1.50726e-05
1.50726e-05
1.50726e-05
1.50726e-05
1.50726e-05
1.50726e-05
1.50726e-05
1.50726e-05
1.20575e-05
1.20575e-05
1.20575e-05
1.20575e-05
1.20575e-05
1.20575e-05
1.20575e-05
1.20575e-05
1.20575e-05
1.20575e-05
1.20575e-05
1.20575e-05
1.20575e-05
1.20575e-05
1.20575e-05
1.20575e-05
1.20575e-05
1.20575e-05
1.20575e-05
1.20575e-05
1.20575e-05
1.20575e-05
1.20575e-05
1.20575e-05
1.20575e-05
1.20575e-05
1.20575e-05
1.20575e-05
1.20575e-05
1.20575e-05
1.20575e-05
1.20575e-05
1.20575e-05
1.20575e-05
1.20575e-05
1.20575e-05
1.20575e-05
1.20575e-05
1.20575e-05
1.2058e-05
1.20601e-05
1.207e-05
1.21159e-05
1.23821e-05
1.27677e-05
1.32107e-05
1.37462e-05
1.43198e-05
1.48644e-05
1.53133e-05
1.53663e-05
1.50578e-05
1.44005e-05
1.34752e-05
1.26494e-05
1.18808e-05
1.13746e-05
1.12721e-05
1.21334e-05
1.37849e-05
1.48925e-05
1.5062e-05
1.50715e-05
1.50725e-05
1.50726e-05
1.50726e-05
1.50726e-05
1.50726e-05
1.50726e-05
1.50726e-05
1.50726e-05
1.50726e-05
1.50726e-05
1.50726e-05
1.50726e-05
1.50726e-05
1.50726e-05
1.50726e-05
1.50726e-05
1.50726e-05
1.50726e-05
1.50726e-05
1.50726e-05
1.50726e-05
1.50726e-05
1.50726e-05
1.50726e-05
1.50726e-05
1.50726e-05
1.50726e-05
1.50726e-05
1.50726e-05
1.50726e-05
1.50726e-05
1.50726e-05
1.50726e-05
1.50726e-05
1.50726e-05
1.50726e-05
1.50726e-05
1.20575e-05
1.20575e-05
1.20575e-05
1.20575e-05
1.20575e-05
1.20575e-05
1.20575e-05
1.20575e-05
1.20575e-05
1.20575e-05
1.20575e-05
1.20575e-05
1.20575e-05
1.20575e-05
1.20575e-05
1.20575e-05
1.20575e-05
1.20575e-05
1.20575e-05
1.20575e-05
1.20575e-05
1.20575e-05
1.20575e-05
1.20575e-05
1.20575e-05
1.20575e-05
1.20575e-05
1.20575e-05
1.20575e-05
1.20575e-05
1.20575e-05
1.20575e-05
1.20575e-05
1.20575e-05
1.20575e-05
1.20575e-05
1.20575e-05
1.20575e-05
1.20575e-05
1.2058e-05
1.20601e-05
1.207e-05
1.21159e-05
1.23821e-05
1.27677e-05
1.32107e-05
1.37462e-05
1.43198e-05
1.48644e-05
1.53133e-05
1.53663e-05
1.50578e-05
1.44005e-05
1.34752e-05
1.26494e-05
1.18808e-05
1.13746e-05
1.12721e-05
1.21334e-05
1.37849e-05
1.48925e-05
1.5062e-05
1.50715e-05
1.50725e-05
1.50726e-05
1.50726e-05
1.50726e-05
1.50726e-05
1.50726e-05
1.50726e-05
1.50726e-05
1.50726e-05
1.50726e-05
1.50726e-05
1.50726e-05
1.50726e-05
1.50726e-05
1.50726e-05
1.50726e-05
1.50726e-05
1.50726e-05
1.50726e-05
1.50726e-05
1.50726e-05
1.50726e-05
1.50726e-05
1.50726e-05
1.50726e-05
1.50726e-05
1.50726e-05
1.50726e-05
1.50726e-05
1.50726e-05
1.50726e-05
1.50726e-05
1.50726e-05
1.50726e-05
1.50726e-05
1.50726e-05
1.50726e-05
1.20575e-05
1.20575e-05
1.20575e-05
1.20575e-05
1.20575e-05
1.20575e-05
1.20575e-05
1.20575e-05
1.20575e-05
1.20575e-05
1.20575e-05
1.20575e-05
1.20575e-05
1.20575e-05
1.20575e-05
1.20575e-05
1.20575e-05
1.20575e-05
1.20575e-05
1.20575e-05
1.20575e-05
1.20575e-05
1.20575e-05
1.20575e-05
1.20575e-05
1.20575e-05
1.20575e-05
1.20575e-05
1.20575e-05
1.20575e-05
1.20575e-05
1.20575e-05
1.20575e-05
1.20575e-05
1.20575e-05
1.20575e-05
1.20575e-05
1.20575e-05
1.20575e-05
1.2058e-05
1.20601e-05
1.207e-05
1.21159e-05
1.23821e-05
1.27677e-05
1.32107e-05
1.37462e-05
1.43198e-05
1.48644e-05
1.53133e-05
1.53663e-05
1.50578e-05
1.44005e-05
1.34752e-05
1.26494e-05
1.18808e-05
1.13746e-05
1.12721e-05
1.21334e-05
1.37849e-05
1.48925e-05
1.5062e-05
1.50715e-05
1.50725e-05
1.50726e-05
1.50726e-05
1.50726e-05
1.50726e-05
1.50726e-05
1.50726e-05
1.50726e-05
1.50726e-05
1.50726e-05
1.50726e-05
1.50726e-05
1.50726e-05
1.50726e-05
1.50726e-05
1.50726e-05
1.50726e-05
1.50726e-05
1.50726e-05
1.50726e-05
1.50726e-05
1.50726e-05
1.50726e-05
1.50726e-05
1.50726e-05
1.50726e-05
1.50726e-05
1.50726e-05
1.50726e-05
1.50726e-05
1.50726e-05
1.50726e-05
1.50726e-05
1.50726e-05
1.50726e-05
1.50726e-05
1.50726e-05
1.20575e-05
1.20575e-05
1.20575e-05
1.20575e-05
1.20575e-05
1.20575e-05
1.20575e-05
1.20575e-05
1.20575e-05
1.20575e-05
1.20575e-05
1.20575e-05
1.20575e-05
1.20575e-05
1.20575e-05
1.20575e-05
1.20575e-05
1.20575e-05
1.20575e-05
1.20575e-05
1.20575e-05
1.20575e-05
1.20575e-05
1.20575e-05
1.20575e-05
1.20575e-05
1.20575e-05
1.20575e-05
1.20575e-05
1.20575e-05
1.20575e-05
1.20575e-05
1.20575e-05
1.20575e-05
1.20575e-05
1.20575e-05
1.20575e-05
1.20575e-05
1.20575e-05
1.2058e-05
1.20601e-05
1.207e-05
1.21159e-05
1.23821e-05
1.27677e-05
1.32107e-05
1.37462e-05
1.43198e-05
1.48644e-05
1.53133e-05
1.53663e-05
1.50578e-05
1.44005e-05
1.34752e-05
1.26494e-05
1.18808e-05
1.13746e-05
1.12721e-05
1.21334e-05
1.37849e-05
1.48925e-05
1.5062e-05
1.50715e-05
1.50725e-05
1.50726e-05
1.50726e-05
1.50726e-05
1.50726e-05
1.50726e-05
1.50726e-05
1.50726e-05
1.50726e-05
1.50726e-05
1.50726e-05
1.50726e-05
1.50726e-05
1.50726e-05
1.50726e-05
1.50726e-05
1.50726e-05
1.50726e-05
1.50726e-05
1.50726e-05
1.50726e-05
1.50726e-05
1.50726e-05
1.50726e-05
1.50726e-05
1.50726e-05
1.50726e-05
1.50726e-05
1.50726e-05
1.50726e-05
1.50726e-05
1.50726e-05
1.50726e-05
1.50726e-05
1.50726e-05
1.50726e-05
1.50726e-05
1.20575e-05
1.20575e-05
1.20575e-05
1.20575e-05
1.20575e-05
1.20575e-05
1.20575e-05
1.20575e-05
1.20575e-05
1.20575e-05
1.20575e-05
1.20575e-05
1.20575e-05
1.20575e-05
1.20575e-05
1.20575e-05
1.20575e-05
1.20575e-05
1.20575e-05
1.20575e-05
1.20575e-05
1.20575e-05
1.20575e-05
1.20575e-05
1.20575e-05
1.20575e-05
1.20575e-05
1.20575e-05
1.20575e-05
1.20575e-05
1.20575e-05
1.20575e-05
1.20575e-05
1.20575e-05
1.20575e-05
1.20575e-05
1.20575e-05
1.20575e-05
1.20575e-05
1.2058e-05
1.20601e-05
1.207e-05
1.21159e-05
1.23821e-05
1.27677e-05
1.32107e-05
1.37462e-05
1.43198e-05
1.48644e-05
1.53133e-05
1.53663e-05
1.50578e-05
1.44005e-05
1.34752e-05
1.26494e-05
1.18808e-05
1.13746e-05
1.12721e-05
1.21334e-05
1.37849e-05
1.48925e-05
1.5062e-05
1.50715e-05
1.50725e-05
1.50726e-05
1.50726e-05
1.50726e-05
1.50726e-05
1.50726e-05
1.50726e-05
1.50726e-05
1.50726e-05
1.50726e-05
1.50726e-05
1.50726e-05
1.50726e-05
1.50726e-05
1.50726e-05
1.50726e-05
1.50726e-05
1.50726e-05
1.50726e-05
1.50726e-05
1.50726e-05
1.50726e-05
1.50726e-05
1.50726e-05
1.50726e-05
1.50726e-05
1.50726e-05
1.50726e-05
1.50726e-05
1.50726e-05
1.50726e-05
1.50726e-05
1.50726e-05
1.50726e-05
1.50726e-05
1.50726e-05
1.50726e-05
1.20575e-05
1.20575e-05
1.20575e-05
1.20575e-05
1.20575e-05
1.20575e-05
1.20575e-05
1.20575e-05
1.20575e-05
1.20575e-05
1.20575e-05
1.20575e-05
1.20575e-05
1.20575e-05
1.20575e-05
1.20575e-05
1.20575e-05
1.20575e-05
1.20575e-05
1.20575e-05
1.20575e-05
1.20575e-05
1.20575e-05
1.20575e-05
1.20575e-05
1.20575e-05
1.20575e-05
1.20575e-05
1.20575e-05
1.20575e-05
1.20575e-05
1.20575e-05
1.20575e-05
1.20575e-05
1.20575e-05
1.20575e-05
1.20575e-05
1.20575e-05
1.20575e-05
1.2058e-05
1.20601e-05
1.207e-05
1.21159e-05
1.23821e-05
1.27677e-05
1.32107e-05
1.37462e-05
1.43198e-05
1.48644e-05
1.53133e-05
1.53663e-05
1.50578e-05
1.44005e-05
1.34752e-05
1.26494e-05
1.18808e-05
1.13746e-05
1.12721e-05
1.21334e-05
1.37849e-05
1.48925e-05
1.5062e-05
1.50715e-05
1.50725e-05
1.50726e-05
1.50726e-05
1.50726e-05
1.50726e-05
1.50726e-05
1.50726e-05
1.50726e-05
1.50726e-05
1.50726e-05
1.50726e-05
1.50726e-05
1.50726e-05
1.50726e-05
1.50726e-05
1.50726e-05
1.50726e-05
1.50726e-05
1.50726e-05
1.50726e-05
1.50726e-05
1.50726e-05
1.50726e-05
1.50726e-05
1.50726e-05
1.50726e-05
1.50726e-05
1.50726e-05
1.50726e-05
1.50726e-05
1.50726e-05
1.50726e-05
1.50726e-05
1.50726e-05
1.50726e-05
1.50726e-05
1.50726e-05
)
;

boundaryField
{
    sides1
    {
        type            calculated;
        value           nonuniform List<scalar> 
20
(
1.50726e-05
1.50726e-05
1.50726e-05
1.50726e-05
1.50726e-05
1.50726e-05
1.50726e-05
1.50726e-05
1.50726e-05
1.50726e-05
1.20575e-05
1.20575e-05
1.20575e-05
1.20575e-05
1.20575e-05
1.20575e-05
1.20575e-05
1.20575e-05
1.20575e-05
1.20575e-05
)
;
    }
    sides2
    {
        type            calculated;
        value           nonuniform List<scalar> 
200
(
1.20575e-05
1.20575e-05
1.20575e-05
1.20575e-05
1.20575e-05
1.20575e-05
1.20575e-05
1.20575e-05
1.20575e-05
1.20575e-05
1.20575e-05
1.20575e-05
1.20575e-05
1.20575e-05
1.20575e-05
1.20575e-05
1.20575e-05
1.20575e-05
1.20575e-05
1.20575e-05
1.20575e-05
1.20575e-05
1.20575e-05
1.20575e-05
1.20575e-05
1.20575e-05
1.20575e-05
1.20575e-05
1.20575e-05
1.20575e-05
1.20575e-05
1.20575e-05
1.20575e-05
1.20575e-05
1.20575e-05
1.20575e-05
1.20575e-05
1.20575e-05
1.20575e-05
1.2058e-05
1.20601e-05
1.207e-05
1.21159e-05
1.23821e-05
1.27677e-05
1.32107e-05
1.37462e-05
1.43198e-05
1.48644e-05
1.53133e-05
1.53663e-05
1.50578e-05
1.44005e-05
1.34752e-05
1.26494e-05
1.18808e-05
1.13746e-05
1.12721e-05
1.21334e-05
1.37849e-05
1.48925e-05
1.5062e-05
1.50715e-05
1.50725e-05
1.50726e-05
1.50726e-05
1.50726e-05
1.50726e-05
1.50726e-05
1.50726e-05
1.50726e-05
1.50726e-05
1.50726e-05
1.50726e-05
1.50726e-05
1.50726e-05
1.50726e-05
1.50726e-05
1.50726e-05
1.50726e-05
1.50726e-05
1.50726e-05
1.50726e-05
1.50726e-05
1.50726e-05
1.50726e-05
1.50726e-05
1.50726e-05
1.50726e-05
1.50726e-05
1.50726e-05
1.50726e-05
1.50726e-05
1.50726e-05
1.50726e-05
1.50726e-05
1.50726e-05
1.50726e-05
1.50726e-05
1.50726e-05
1.20575e-05
1.20575e-05
1.20575e-05
1.20575e-05
1.20575e-05
1.20575e-05
1.20575e-05
1.20575e-05
1.20575e-05
1.20575e-05
1.20575e-05
1.20575e-05
1.20575e-05
1.20575e-05
1.20575e-05
1.20575e-05
1.20575e-05
1.20575e-05
1.20575e-05
1.20575e-05
1.20575e-05
1.20575e-05
1.20575e-05
1.20575e-05
1.20575e-05
1.20575e-05
1.20575e-05
1.20575e-05
1.20575e-05
1.20575e-05
1.20575e-05
1.20575e-05
1.20575e-05
1.20575e-05
1.20575e-05
1.20575e-05
1.20575e-05
1.20575e-05
1.20575e-05
1.2058e-05
1.20601e-05
1.207e-05
1.21159e-05
1.23821e-05
1.27677e-05
1.32107e-05
1.37462e-05
1.43198e-05
1.48644e-05
1.53133e-05
1.53663e-05
1.50578e-05
1.44005e-05
1.34752e-05
1.26494e-05
1.18808e-05
1.13746e-05
1.12721e-05
1.21334e-05
1.37849e-05
1.48925e-05
1.5062e-05
1.50715e-05
1.50725e-05
1.50726e-05
1.50726e-05
1.50726e-05
1.50726e-05
1.50726e-05
1.50726e-05
1.50726e-05
1.50726e-05
1.50726e-05
1.50726e-05
1.50726e-05
1.50726e-05
1.50726e-05
1.50726e-05
1.50726e-05
1.50726e-05
1.50726e-05
1.50726e-05
1.50726e-05
1.50726e-05
1.50726e-05
1.50726e-05
1.50726e-05
1.50726e-05
1.50726e-05
1.50726e-05
1.50726e-05
1.50726e-05
1.50726e-05
1.50726e-05
1.50726e-05
1.50726e-05
1.50726e-05
1.50726e-05
1.50726e-05
1.50726e-05
)
;
    }
    empty
    {
        type            empty;
    }
}


// ************************************************************************* //
