/*--------------------------------*- C++ -*----------------------------------*\
| =========                 |                                                 |
| \\      /  F ield         | OpenFOAM: The Open Source CFD Toolbox           |
|  \\    /   O peration     | Version:  3.0.0                                 |
|   \\  /    A nd           | Web:      www.OpenFOAM.org                      |
|    \\/     M anipulation  |                                                 |
\*---------------------------------------------------------------------------*/
FoamFile
{
    version     2.0;
    format      ascii;
    class       volScalarField;
    location    "0.0001";
    object      cSound;
}
// * * * * * * * * * * * * * * * * * * * * * * * * * * * * * * * * * * * * * //

dimensions      [0 1 -1 0 0 0 0];

internalField   nonuniform List<scalar> 
1000
(
348.906
348.906
348.906
348.906
348.906
348.906
348.906
348.906
348.906
348.906
348.906
348.906
348.906
348.906
348.906
348.906
348.906
348.906
348.906
348.906
348.906
348.906
348.906
348.906
348.906
348.906
348.906
348.906
348.906
348.906
348.906
348.906
348.904
348.897
348.868
348.763
348.387
346.855
342.863
340.087
336.782
333.124
329.226
325.198
321.118
317.054
313.086
309.282
305.813
302.818
301.059
300.876
301.782
303.712
307.331
312.644
318.837
326.612
334.878
343.263
350.926
357.454
362.514
365.993
367.755
366.27
355.192
331.489
316.275
312.275
312.084
312.065
312.063
312.063
312.063
312.063
312.063
312.063
312.063
312.063
312.063
312.063
312.063
312.063
312.063
312.063
312.063
312.063
312.063
312.063
312.063
312.063
312.063
312.063
312.063
312.063
312.063
312.063
312.063
312.063
348.906
348.906
348.906
348.906
348.906
348.906
348.906
348.906
348.906
348.906
348.906
348.906
348.906
348.906
348.906
348.906
348.906
348.906
348.906
348.906
348.906
348.906
348.906
348.906
348.906
348.906
348.906
348.906
348.906
348.906
348.906
348.906
348.904
348.897
348.868
348.763
348.387
346.855
342.863
340.087
336.782
333.124
329.226
325.198
321.118
317.054
313.086
309.282
305.813
302.818
301.059
300.876
301.782
303.712
307.331
312.644
318.837
326.612
334.878
343.263
350.926
357.454
362.514
365.993
367.755
366.27
355.192
331.489
316.275
312.275
312.084
312.065
312.063
312.063
312.063
312.063
312.063
312.063
312.063
312.063
312.063
312.063
312.063
312.063
312.063
312.063
312.063
312.063
312.063
312.063
312.063
312.063
312.063
312.063
312.063
312.063
312.063
312.063
312.063
312.063
348.906
348.906
348.906
348.906
348.906
348.906
348.906
348.906
348.906
348.906
348.906
348.906
348.906
348.906
348.906
348.906
348.906
348.906
348.906
348.906
348.906
348.906
348.906
348.906
348.906
348.906
348.906
348.906
348.906
348.906
348.906
348.906
348.904
348.897
348.868
348.763
348.387
346.855
342.863
340.087
336.782
333.124
329.226
325.198
321.118
317.054
313.086
309.282
305.813
302.818
301.059
300.876
301.782
303.712
307.331
312.644
318.837
326.612
334.878
343.263
350.926
357.454
362.514
365.993
367.755
366.27
355.192
331.489
316.275
312.275
312.084
312.065
312.063
312.063
312.063
312.063
312.063
312.063
312.063
312.063
312.063
312.063
312.063
312.063
312.063
312.063
312.063
312.063
312.063
312.063
312.063
312.063
312.063
312.063
312.063
312.063
312.063
312.063
312.063
312.063
348.906
348.906
348.906
348.906
348.906
348.906
348.906
348.906
348.906
348.906
348.906
348.906
348.906
348.906
348.906
348.906
348.906
348.906
348.906
348.906
348.906
348.906
348.906
348.906
348.906
348.906
348.906
348.906
348.906
348.906
348.906
348.906
348.904
348.897
348.868
348.763
348.387
346.855
342.863
340.087
336.782
333.124
329.226
325.198
321.118
317.054
313.086
309.282
305.813
302.818
301.059
300.876
301.782
303.712
307.331
312.644
318.837
326.612
334.878
343.263
350.926
357.454
362.514
365.993
367.755
366.27
355.192
331.489
316.275
312.275
312.084
312.065
312.063
312.063
312.063
312.063
312.063
312.063
312.063
312.063
312.063
312.063
312.063
312.063
312.063
312.063
312.063
312.063
312.063
312.063
312.063
312.063
312.063
312.063
312.063
312.063
312.063
312.063
312.063
312.063
348.906
348.906
348.906
348.906
348.906
348.906
348.906
348.906
348.906
348.906
348.906
348.906
348.906
348.906
348.906
348.906
348.906
348.906
348.906
348.906
348.906
348.906
348.906
348.906
348.906
348.906
348.906
348.906
348.906
348.906
348.906
348.906
348.904
348.897
348.868
348.763
348.387
346.855
342.863
340.087
336.782
333.124
329.226
325.198
321.118
317.054
313.086
309.282
305.813
302.818
301.059
300.876
301.782
303.712
307.331
312.644
318.837
326.612
334.878
343.263
350.926
357.454
362.514
365.993
367.755
366.27
355.192
331.489
316.275
312.275
312.084
312.065
312.063
312.063
312.063
312.063
312.063
312.063
312.063
312.063
312.063
312.063
312.063
312.063
312.063
312.063
312.063
312.063
312.063
312.063
312.063
312.063
312.063
312.063
312.063
312.063
312.063
312.063
312.063
312.063
348.906
348.906
348.906
348.906
348.906
348.906
348.906
348.906
348.906
348.906
348.906
348.906
348.906
348.906
348.906
348.906
348.906
348.906
348.906
348.906
348.906
348.906
348.906
348.906
348.906
348.906
348.906
348.906
348.906
348.906
348.906
348.906
348.904
348.897
348.868
348.763
348.387
346.855
342.863
340.087
336.782
333.124
329.226
325.198
321.118
317.054
313.086
309.282
305.813
302.818
301.059
300.876
301.782
303.712
307.331
312.644
318.837
326.612
334.878
343.263
350.926
357.454
362.514
365.993
367.755
366.27
355.192
331.489
316.275
312.275
312.084
312.065
312.063
312.063
312.063
312.063
312.063
312.063
312.063
312.063
312.063
312.063
312.063
312.063
312.063
312.063
312.063
312.063
312.063
312.063
312.063
312.063
312.063
312.063
312.063
312.063
312.063
312.063
312.063
312.063
348.906
348.906
348.906
348.906
348.906
348.906
348.906
348.906
348.906
348.906
348.906
348.906
348.906
348.906
348.906
348.906
348.906
348.906
348.906
348.906
348.906
348.906
348.906
348.906
348.906
348.906
348.906
348.906
348.906
348.906
348.906
348.906
348.904
348.897
348.868
348.763
348.387
346.855
342.863
340.087
336.782
333.124
329.226
325.198
321.118
317.054
313.086
309.282
305.813
302.818
301.059
300.876
301.782
303.712
307.331
312.644
318.837
326.612
334.878
343.263
350.926
357.454
362.514
365.993
367.755
366.27
355.192
331.489
316.275
312.275
312.084
312.065
312.063
312.063
312.063
312.063
312.063
312.063
312.063
312.063
312.063
312.063
312.063
312.063
312.063
312.063
312.063
312.063
312.063
312.063
312.063
312.063
312.063
312.063
312.063
312.063
312.063
312.063
312.063
312.063
348.906
348.906
348.906
348.906
348.906
348.906
348.906
348.906
348.906
348.906
348.906
348.906
348.906
348.906
348.906
348.906
348.906
348.906
348.906
348.906
348.906
348.906
348.906
348.906
348.906
348.906
348.906
348.906
348.906
348.906
348.906
348.906
348.904
348.897
348.868
348.763
348.387
346.855
342.863
340.087
336.782
333.124
329.226
325.198
321.118
317.054
313.086
309.282
305.813
302.818
301.059
300.876
301.782
303.712
307.331
312.644
318.837
326.612
334.878
343.263
350.926
357.454
362.514
365.993
367.755
366.27
355.192
331.489
316.275
312.275
312.084
312.065
312.063
312.063
312.063
312.063
312.063
312.063
312.063
312.063
312.063
312.063
312.063
312.063
312.063
312.063
312.063
312.063
312.063
312.063
312.063
312.063
312.063
312.063
312.063
312.063
312.063
312.063
312.063
312.063
348.906
348.906
348.906
348.906
348.906
348.906
348.906
348.906
348.906
348.906
348.906
348.906
348.906
348.906
348.906
348.906
348.906
348.906
348.906
348.906
348.906
348.906
348.906
348.906
348.906
348.906
348.906
348.906
348.906
348.906
348.906
348.906
348.904
348.897
348.868
348.763
348.387
346.855
342.863
340.087
336.782
333.124
329.226
325.198
321.118
317.054
313.086
309.282
305.813
302.818
301.059
300.876
301.782
303.712
307.331
312.644
318.837
326.612
334.878
343.263
350.926
357.454
362.514
365.993
367.755
366.27
355.192
331.489
316.275
312.275
312.084
312.065
312.063
312.063
312.063
312.063
312.063
312.063
312.063
312.063
312.063
312.063
312.063
312.063
312.063
312.063
312.063
312.063
312.063
312.063
312.063
312.063
312.063
312.063
312.063
312.063
312.063
312.063
312.063
312.063
348.906
348.906
348.906
348.906
348.906
348.906
348.906
348.906
348.906
348.906
348.906
348.906
348.906
348.906
348.906
348.906
348.906
348.906
348.906
348.906
348.906
348.906
348.906
348.906
348.906
348.906
348.906
348.906
348.906
348.906
348.906
348.906
348.904
348.897
348.868
348.763
348.387
346.855
342.863
340.087
336.782
333.124
329.226
325.198
321.118
317.054
313.086
309.282
305.813
302.818
301.059
300.876
301.782
303.712
307.331
312.644
318.837
326.612
334.878
343.263
350.926
357.454
362.514
365.993
367.755
366.27
355.192
331.489
316.275
312.275
312.084
312.065
312.063
312.063
312.063
312.063
312.063
312.063
312.063
312.063
312.063
312.063
312.063
312.063
312.063
312.063
312.063
312.063
312.063
312.063
312.063
312.063
312.063
312.063
312.063
312.063
312.063
312.063
312.063
312.063
)
;

boundaryField
{
    sides1
    {
        type            calculated;
        value           nonuniform List<scalar> 
20
(
312.063
312.063
312.063
312.063
312.063
312.063
312.063
312.063
312.063
312.063
348.906
348.906
348.906
348.906
348.906
348.906
348.906
348.906
348.906
348.906
)
;
    }
    sides2
    {
        type            calculated;
        value           nonuniform List<scalar> 
200
(
348.906
348.906
348.906
348.906
348.906
348.906
348.906
348.906
348.906
348.906
348.906
348.906
348.906
348.906
348.906
348.906
348.906
348.906
348.906
348.906
348.906
348.906
348.906
348.906
348.906
348.906
348.906
348.906
348.906
348.906
348.906
348.906
348.904
348.897
348.868
348.763
348.387
346.855
342.863
340.087
336.782
333.124
329.226
325.198
321.118
317.054
313.086
309.282
305.813
302.818
301.059
300.876
301.782
303.712
307.331
312.644
318.837
326.612
334.878
343.263
350.926
357.454
362.514
365.993
367.755
366.27
355.192
331.489
316.275
312.275
312.084
312.065
312.063
312.063
312.063
312.063
312.063
312.063
312.063
312.063
312.063
312.063
312.063
312.063
312.063
312.063
312.063
312.063
312.063
312.063
312.063
312.063
312.063
312.063
312.063
312.063
312.063
312.063
312.063
312.063
348.906
348.906
348.906
348.906
348.906
348.906
348.906
348.906
348.906
348.906
348.906
348.906
348.906
348.906
348.906
348.906
348.906
348.906
348.906
348.906
348.906
348.906
348.906
348.906
348.906
348.906
348.906
348.906
348.906
348.906
348.906
348.906
348.904
348.897
348.868
348.763
348.387
346.855
342.863
340.087
336.782
333.124
329.226
325.198
321.118
317.054
313.086
309.282
305.813
302.818
301.059
300.876
301.782
303.712
307.331
312.644
318.837
326.612
334.878
343.263
350.926
357.454
362.514
365.993
367.755
366.27
355.192
331.489
316.275
312.275
312.084
312.065
312.063
312.063
312.063
312.063
312.063
312.063
312.063
312.063
312.063
312.063
312.063
312.063
312.063
312.063
312.063
312.063
312.063
312.063
312.063
312.063
312.063
312.063
312.063
312.063
312.063
312.063
312.063
312.063
)
;
    }
    empty
    {
        type            empty;
    }
}


// ************************************************************************* //
