/*--------------------------------*- C++ -*----------------------------------*\
| =========                 |                                                 |
| \\      /  F ield         | OpenFOAM: The Open Source CFD Toolbox           |
|  \\    /   O peration     | Version:  3.0.0                                 |
|   \\  /    A nd           | Web:      www.OpenFOAM.org                      |
|    \\/     M anipulation  |                                                 |
\*---------------------------------------------------------------------------*/
FoamFile
{
    version     2.0;
    format      ascii;
    class       volScalarField;
    location    "0.0001";
    object      p;
}
// * * * * * * * * * * * * * * * * * * * * * * * * * * * * * * * * * * * * * //

dimensions      [1 -1 -2 0 0 0 0];

internalField   nonuniform List<scalar> 
1000
(
68970
68970
68970
68970
68970
68970
68970
68970
68970
68970
68970
68970
68970
68970
68970
68970
68970
68970
68970
68970
68970
68970
68970
68970
68970
68970
68970
68970
68970
68970
68969.8
68969.2
68966.6
68956
68914.8
68763.9
68245.8
66554.7
62723.6
59150.8
55387.1
51352.2
47250.8
43247.9
39441
35890.6
32624.2
29687.8
27044.8
24850.1
22994.7
22061.2
21607
21252.2
21029.9
21187.2
21018.4
21111.7
21096
21136.9
21169.7
21198.2
21181.4
21045.6
20574.7
18674.7
13126.2
8676.24
7246.43
6928.69
6900.35
6897.35
6897.04
6897
6897
6897
6897
6897
6897
6897
6897
6897
6897
6897
6897
6897
6897
6897
6897
6897
6897
6897
6897
6897
6897
6897
6897
6897
6897
6897
68970
68970
68970
68970
68970
68970
68970
68970
68970
68970
68970
68970
68970
68970
68970
68970
68970
68970
68970
68970
68970
68970
68970
68970
68970
68970
68970
68970
68970
68970
68969.8
68969.2
68966.6
68956
68914.8
68763.9
68245.8
66554.7
62723.6
59150.8
55387.1
51352.2
47250.8
43247.9
39441
35890.6
32624.2
29687.8
27044.8
24850.1
22994.7
22061.2
21607
21252.2
21029.9
21187.2
21018.4
21111.7
21096
21136.9
21169.7
21198.2
21181.4
21045.6
20574.7
18674.7
13126.2
8676.24
7246.43
6928.69
6900.35
6897.35
6897.04
6897
6897
6897
6897
6897
6897
6897
6897
6897
6897
6897
6897
6897
6897
6897
6897
6897
6897
6897
6897
6897
6897
6897
6897
6897
6897
6897
68970
68970
68970
68970
68970
68970
68970
68970
68970
68970
68970
68970
68970
68970
68970
68970
68970
68970
68970
68970
68970
68970
68970
68970
68970
68970
68970
68970
68970
68970
68969.8
68969.2
68966.6
68956
68914.8
68763.9
68245.8
66554.7
62723.6
59150.8
55387.1
51352.2
47250.8
43247.9
39441
35890.6
32624.2
29687.8
27044.8
24850.1
22994.7
22061.2
21607
21252.2
21029.9
21187.2
21018.4
21111.7
21096
21136.9
21169.7
21198.2
21181.4
21045.6
20574.7
18674.7
13126.2
8676.24
7246.43
6928.69
6900.35
6897.35
6897.04
6897
6897
6897
6897
6897
6897
6897
6897
6897
6897
6897
6897
6897
6897
6897
6897
6897
6897
6897
6897
6897
6897
6897
6897
6897
6897
6897
68970
68970
68970
68970
68970
68970
68970
68970
68970
68970
68970
68970
68970
68970
68970
68970
68970
68970
68970
68970
68970
68970
68970
68970
68970
68970
68970
68970
68970
68970
68969.8
68969.2
68966.6
68956
68914.8
68763.9
68245.8
66554.7
62723.6
59150.8
55387.1
51352.2
47250.8
43247.9
39441
35890.6
32624.2
29687.8
27044.8
24850.1
22994.7
22061.2
21607
21252.2
21029.9
21187.2
21018.4
21111.7
21096
21136.9
21169.7
21198.2
21181.4
21045.6
20574.7
18674.7
13126.2
8676.24
7246.43
6928.69
6900.35
6897.35
6897.04
6897
6897
6897
6897
6897
6897
6897
6897
6897
6897
6897
6897
6897
6897
6897
6897
6897
6897
6897
6897
6897
6897
6897
6897
6897
6897
6897
68970
68970
68970
68970
68970
68970
68970
68970
68970
68970
68970
68970
68970
68970
68970
68970
68970
68970
68970
68970
68970
68970
68970
68970
68970
68970
68970
68970
68970
68970
68969.8
68969.2
68966.6
68956
68914.8
68763.9
68245.8
66554.7
62723.6
59150.8
55387.1
51352.2
47250.8
43247.9
39441
35890.6
32624.2
29687.8
27044.8
24850.1
22994.7
22061.2
21607
21252.2
21029.9
21187.2
21018.4
21111.7
21096
21136.9
21169.7
21198.2
21181.4
21045.6
20574.7
18674.7
13126.2
8676.24
7246.43
6928.69
6900.35
6897.35
6897.04
6897
6897
6897
6897
6897
6897
6897
6897
6897
6897
6897
6897
6897
6897
6897
6897
6897
6897
6897
6897
6897
6897
6897
6897
6897
6897
6897
68970
68970
68970
68970
68970
68970
68970
68970
68970
68970
68970
68970
68970
68970
68970
68970
68970
68970
68970
68970
68970
68970
68970
68970
68970
68970
68970
68970
68970
68970
68969.8
68969.2
68966.6
68956
68914.8
68763.9
68245.8
66554.7
62723.6
59150.8
55387.1
51352.2
47250.8
43247.9
39441
35890.6
32624.2
29687.8
27044.8
24850.1
22994.7
22061.2
21607
21252.2
21029.9
21187.2
21018.4
21111.7
21096
21136.9
21169.7
21198.2
21181.4
21045.6
20574.7
18674.7
13126.2
8676.24
7246.43
6928.69
6900.35
6897.35
6897.04
6897
6897
6897
6897
6897
6897
6897
6897
6897
6897
6897
6897
6897
6897
6897
6897
6897
6897
6897
6897
6897
6897
6897
6897
6897
6897
6897
68970
68970
68970
68970
68970
68970
68970
68970
68970
68970
68970
68970
68970
68970
68970
68970
68970
68970
68970
68970
68970
68970
68970
68970
68970
68970
68970
68970
68970
68970
68969.8
68969.2
68966.6
68956
68914.8
68763.9
68245.8
66554.7
62723.6
59150.8
55387.1
51352.2
47250.8
43247.9
39441
35890.6
32624.2
29687.8
27044.8
24850.1
22994.7
22061.2
21607
21252.2
21029.9
21187.2
21018.4
21111.7
21096
21136.9
21169.7
21198.2
21181.4
21045.6
20574.7
18674.7
13126.2
8676.24
7246.43
6928.69
6900.35
6897.35
6897.04
6897
6897
6897
6897
6897
6897
6897
6897
6897
6897
6897
6897
6897
6897
6897
6897
6897
6897
6897
6897
6897
6897
6897
6897
6897
6897
6897
68970
68970
68970
68970
68970
68970
68970
68970
68970
68970
68970
68970
68970
68970
68970
68970
68970
68970
68970
68970
68970
68970
68970
68970
68970
68970
68970
68970
68970
68970
68969.8
68969.2
68966.6
68956
68914.8
68763.9
68245.8
66554.7
62723.6
59150.8
55387.1
51352.2
47250.8
43247.9
39441
35890.6
32624.2
29687.8
27044.8
24850.1
22994.7
22061.2
21607
21252.2
21029.9
21187.2
21018.4
21111.7
21096
21136.9
21169.7
21198.2
21181.4
21045.6
20574.7
18674.7
13126.2
8676.24
7246.43
6928.69
6900.35
6897.35
6897.04
6897
6897
6897
6897
6897
6897
6897
6897
6897
6897
6897
6897
6897
6897
6897
6897
6897
6897
6897
6897
6897
6897
6897
6897
6897
6897
6897
68970
68970
68970
68970
68970
68970
68970
68970
68970
68970
68970
68970
68970
68970
68970
68970
68970
68970
68970
68970
68970
68970
68970
68970
68970
68970
68970
68970
68970
68970
68969.8
68969.2
68966.6
68956
68914.8
68763.9
68245.8
66554.7
62723.6
59150.8
55387.1
51352.2
47250.8
43247.9
39441
35890.6
32624.2
29687.8
27044.8
24850.1
22994.7
22061.2
21607
21252.2
21029.9
21187.2
21018.4
21111.7
21096
21136.9
21169.7
21198.2
21181.4
21045.6
20574.7
18674.7
13126.2
8676.24
7246.43
6928.69
6900.35
6897.35
6897.04
6897
6897
6897
6897
6897
6897
6897
6897
6897
6897
6897
6897
6897
6897
6897
6897
6897
6897
6897
6897
6897
6897
6897
6897
6897
6897
6897
68970
68970
68970
68970
68970
68970
68970
68970
68970
68970
68970
68970
68970
68970
68970
68970
68970
68970
68970
68970
68970
68970
68970
68970
68970
68970
68970
68970
68970
68970
68969.8
68969.2
68966.6
68956
68914.8
68763.9
68245.8
66554.7
62723.6
59150.8
55387.1
51352.2
47250.8
43247.9
39441
35890.6
32624.2
29687.8
27044.8
24850.1
22994.7
22061.2
21607
21252.2
21029.9
21187.2
21018.4
21111.7
21096
21136.9
21169.7
21198.2
21181.4
21045.6
20574.7
18674.7
13126.2
8676.24
7246.43
6928.69
6900.35
6897.35
6897.04
6897
6897
6897
6897
6897
6897
6897
6897
6897
6897
6897
6897
6897
6897
6897
6897
6897
6897
6897
6897
6897
6897
6897
6897
6897
6897
6897
)
;

boundaryField
{
    sides1
    {
        type            zeroGradient;
    }
    sides2
    {
        type            slip;
    }
    empty
    {
        type            empty;
    }
}


// ************************************************************************* //
