/*--------------------------------*- C++ -*----------------------------------*\
| =========                 |                                                 |
| \\      /  F ield         | OpenFOAM: The Open Source CFD Toolbox           |
|  \\    /   O peration     | Version:  3.0.0                                 |
|   \\  /    A nd           | Web:      www.OpenFOAM.org                      |
|    \\/     M anipulation  |                                                 |
\*---------------------------------------------------------------------------*/
FoamFile
{
    version     2.0;
    format      ascii;
    class       volScalarField;
    location    "0.0001";
    object      rho;
}
// * * * * * * * * * * * * * * * * * * * * * * * * * * * * * * * * * * * * * //

dimensions      [1 -3 0 0 0 0 0];

internalField   nonuniform List<scalar> 
1000
(
0.831602
0.831602
0.831602
0.831602
0.831602
0.831602
0.831602
0.831602
0.831602
0.831602
0.831602
0.831602
0.831602
0.831602
0.831602
0.831602
0.831602
0.831602
0.831602
0.831602
0.831602
0.831602
0.831602
0.831602
0.831602
0.831602
0.831602
0.831602
0.831602
0.831602
0.831601
0.831596
0.831573
0.83148
0.831118
0.829798
0.825324
0.812
0.783183
0.750679
0.716776
0.679236
0.639873
0.600266
0.561427
0.524068
0.488523
0.455557
0.424469
0.397776
0.372389
0.357707
0.348242
0.338184
0.326811
0.318161
0.303484
0.29049
0.276121
0.263305
0.252324
0.243519
0.23658
0.230617
0.223301
0.204327
0.152717
0.115896
0.106333
0.104292
0.103993
0.10396
0.103956
0.103956
0.103956
0.103956
0.103956
0.103956
0.103956
0.103956
0.103956
0.103956
0.103956
0.103956
0.103956
0.103956
0.103956
0.103956
0.103956
0.103956
0.103956
0.103956
0.103956
0.103956
0.103956
0.103956
0.103956
0.103956
0.103956
0.103956
0.831602
0.831602
0.831602
0.831602
0.831602
0.831602
0.831602
0.831602
0.831602
0.831602
0.831602
0.831602
0.831602
0.831602
0.831602
0.831602
0.831602
0.831602
0.831602
0.831602
0.831602
0.831602
0.831602
0.831602
0.831602
0.831602
0.831602
0.831602
0.831602
0.831602
0.831601
0.831596
0.831573
0.83148
0.831118
0.829798
0.825324
0.812
0.783183
0.750679
0.716776
0.679236
0.639873
0.600266
0.561427
0.524068
0.488523
0.455557
0.424469
0.397776
0.372389
0.357707
0.348242
0.338184
0.326811
0.318161
0.303484
0.29049
0.276121
0.263305
0.252324
0.243519
0.23658
0.230617
0.223301
0.204327
0.152717
0.115896
0.106333
0.104292
0.103993
0.10396
0.103956
0.103956
0.103956
0.103956
0.103956
0.103956
0.103956
0.103956
0.103956
0.103956
0.103956
0.103956
0.103956
0.103956
0.103956
0.103956
0.103956
0.103956
0.103956
0.103956
0.103956
0.103956
0.103956
0.103956
0.103956
0.103956
0.103956
0.103956
0.831602
0.831602
0.831602
0.831602
0.831602
0.831602
0.831602
0.831602
0.831602
0.831602
0.831602
0.831602
0.831602
0.831602
0.831602
0.831602
0.831602
0.831602
0.831602
0.831602
0.831602
0.831602
0.831602
0.831602
0.831602
0.831602
0.831602
0.831602
0.831602
0.831602
0.831601
0.831596
0.831573
0.83148
0.831118
0.829798
0.825324
0.812
0.783183
0.750679
0.716776
0.679236
0.639873
0.600266
0.561427
0.524068
0.488523
0.455557
0.424469
0.397776
0.372389
0.357707
0.348242
0.338184
0.326811
0.318161
0.303484
0.29049
0.276121
0.263305
0.252324
0.243519
0.23658
0.230617
0.223301
0.204327
0.152717
0.115896
0.106333
0.104292
0.103993
0.10396
0.103956
0.103956
0.103956
0.103956
0.103956
0.103956
0.103956
0.103956
0.103956
0.103956
0.103956
0.103956
0.103956
0.103956
0.103956
0.103956
0.103956
0.103956
0.103956
0.103956
0.103956
0.103956
0.103956
0.103956
0.103956
0.103956
0.103956
0.103956
0.831602
0.831602
0.831602
0.831602
0.831602
0.831602
0.831602
0.831602
0.831602
0.831602
0.831602
0.831602
0.831602
0.831602
0.831602
0.831602
0.831602
0.831602
0.831602
0.831602
0.831602
0.831602
0.831602
0.831602
0.831602
0.831602
0.831602
0.831602
0.831602
0.831602
0.831601
0.831596
0.831573
0.83148
0.831118
0.829798
0.825324
0.812
0.783183
0.750679
0.716776
0.679236
0.639873
0.600266
0.561427
0.524068
0.488523
0.455557
0.424469
0.397776
0.372389
0.357707
0.348242
0.338184
0.326811
0.318161
0.303484
0.29049
0.276121
0.263305
0.252324
0.243519
0.23658
0.230617
0.223301
0.204327
0.152717
0.115896
0.106333
0.104292
0.103993
0.10396
0.103956
0.103956
0.103956
0.103956
0.103956
0.103956
0.103956
0.103956
0.103956
0.103956
0.103956
0.103956
0.103956
0.103956
0.103956
0.103956
0.103956
0.103956
0.103956
0.103956
0.103956
0.103956
0.103956
0.103956
0.103956
0.103956
0.103956
0.103956
0.831602
0.831602
0.831602
0.831602
0.831602
0.831602
0.831602
0.831602
0.831602
0.831602
0.831602
0.831602
0.831602
0.831602
0.831602
0.831602
0.831602
0.831602
0.831602
0.831602
0.831602
0.831602
0.831602
0.831602
0.831602
0.831602
0.831602
0.831602
0.831602
0.831602
0.831601
0.831596
0.831573
0.83148
0.831118
0.829798
0.825324
0.812
0.783183
0.750679
0.716776
0.679236
0.639873
0.600266
0.561427
0.524068
0.488523
0.455557
0.424469
0.397776
0.372389
0.357707
0.348242
0.338184
0.326811
0.318161
0.303484
0.29049
0.276121
0.263305
0.252324
0.243519
0.23658
0.230617
0.223301
0.204327
0.152717
0.115896
0.106333
0.104292
0.103993
0.10396
0.103956
0.103956
0.103956
0.103956
0.103956
0.103956
0.103956
0.103956
0.103956
0.103956
0.103956
0.103956
0.103956
0.103956
0.103956
0.103956
0.103956
0.103956
0.103956
0.103956
0.103956
0.103956
0.103956
0.103956
0.103956
0.103956
0.103956
0.103956
0.831602
0.831602
0.831602
0.831602
0.831602
0.831602
0.831602
0.831602
0.831602
0.831602
0.831602
0.831602
0.831602
0.831602
0.831602
0.831602
0.831602
0.831602
0.831602
0.831602
0.831602
0.831602
0.831602
0.831602
0.831602
0.831602
0.831602
0.831602
0.831602
0.831602
0.831601
0.831596
0.831573
0.83148
0.831118
0.829798
0.825324
0.812
0.783183
0.750679
0.716776
0.679236
0.639873
0.600266
0.561427
0.524068
0.488523
0.455557
0.424469
0.397776
0.372389
0.357707
0.348242
0.338184
0.326811
0.318161
0.303484
0.29049
0.276121
0.263305
0.252324
0.243519
0.23658
0.230617
0.223301
0.204327
0.152717
0.115896
0.106333
0.104292
0.103993
0.10396
0.103956
0.103956
0.103956
0.103956
0.103956
0.103956
0.103956
0.103956
0.103956
0.103956
0.103956
0.103956
0.103956
0.103956
0.103956
0.103956
0.103956
0.103956
0.103956
0.103956
0.103956
0.103956
0.103956
0.103956
0.103956
0.103956
0.103956
0.103956
0.831602
0.831602
0.831602
0.831602
0.831602
0.831602
0.831602
0.831602
0.831602
0.831602
0.831602
0.831602
0.831602
0.831602
0.831602
0.831602
0.831602
0.831602
0.831602
0.831602
0.831602
0.831602
0.831602
0.831602
0.831602
0.831602
0.831602
0.831602
0.831602
0.831602
0.831601
0.831596
0.831573
0.83148
0.831118
0.829798
0.825324
0.812
0.783183
0.750679
0.716776
0.679236
0.639873
0.600266
0.561427
0.524068
0.488523
0.455557
0.424469
0.397776
0.372389
0.357707
0.348242
0.338184
0.326811
0.318161
0.303484
0.29049
0.276121
0.263305
0.252324
0.243519
0.23658
0.230617
0.223301
0.204327
0.152717
0.115896
0.106333
0.104292
0.103993
0.10396
0.103956
0.103956
0.103956
0.103956
0.103956
0.103956
0.103956
0.103956
0.103956
0.103956
0.103956
0.103956
0.103956
0.103956
0.103956
0.103956
0.103956
0.103956
0.103956
0.103956
0.103956
0.103956
0.103956
0.103956
0.103956
0.103956
0.103956
0.103956
0.831602
0.831602
0.831602
0.831602
0.831602
0.831602
0.831602
0.831602
0.831602
0.831602
0.831602
0.831602
0.831602
0.831602
0.831602
0.831602
0.831602
0.831602
0.831602
0.831602
0.831602
0.831602
0.831602
0.831602
0.831602
0.831602
0.831602
0.831602
0.831602
0.831602
0.831601
0.831596
0.831573
0.83148
0.831118
0.829798
0.825324
0.812
0.783183
0.750679
0.716776
0.679236
0.639873
0.600266
0.561427
0.524068
0.488523
0.455557
0.424469
0.397776
0.372389
0.357707
0.348242
0.338184
0.326811
0.318161
0.303484
0.29049
0.276121
0.263305
0.252324
0.243519
0.23658
0.230617
0.223301
0.204327
0.152717
0.115896
0.106333
0.104292
0.103993
0.10396
0.103956
0.103956
0.103956
0.103956
0.103956
0.103956
0.103956
0.103956
0.103956
0.103956
0.103956
0.103956
0.103956
0.103956
0.103956
0.103956
0.103956
0.103956
0.103956
0.103956
0.103956
0.103956
0.103956
0.103956
0.103956
0.103956
0.103956
0.103956
0.831602
0.831602
0.831602
0.831602
0.831602
0.831602
0.831602
0.831602
0.831602
0.831602
0.831602
0.831602
0.831602
0.831602
0.831602
0.831602
0.831602
0.831602
0.831602
0.831602
0.831602
0.831602
0.831602
0.831602
0.831602
0.831602
0.831602
0.831602
0.831602
0.831602
0.831601
0.831596
0.831573
0.83148
0.831118
0.829798
0.825324
0.812
0.783183
0.750679
0.716776
0.679236
0.639873
0.600266
0.561427
0.524068
0.488523
0.455557
0.424469
0.397776
0.372389
0.357707
0.348242
0.338184
0.326811
0.318161
0.303484
0.29049
0.276121
0.263305
0.252324
0.243519
0.23658
0.230617
0.223301
0.204327
0.152717
0.115896
0.106333
0.104292
0.103993
0.10396
0.103956
0.103956
0.103956
0.103956
0.103956
0.103956
0.103956
0.103956
0.103956
0.103956
0.103956
0.103956
0.103956
0.103956
0.103956
0.103956
0.103956
0.103956
0.103956
0.103956
0.103956
0.103956
0.103956
0.103956
0.103956
0.103956
0.103956
0.103956
0.831602
0.831602
0.831602
0.831602
0.831602
0.831602
0.831602
0.831602
0.831602
0.831602
0.831602
0.831602
0.831602
0.831602
0.831602
0.831602
0.831602
0.831602
0.831602
0.831602
0.831602
0.831602
0.831602
0.831602
0.831602
0.831602
0.831602
0.831602
0.831602
0.831602
0.831601
0.831596
0.831573
0.83148
0.831118
0.829798
0.825324
0.812
0.783183
0.750679
0.716776
0.679236
0.639873
0.600266
0.561427
0.524068
0.488523
0.455557
0.424469
0.397776
0.372389
0.357707
0.348242
0.338184
0.326811
0.318161
0.303484
0.29049
0.276121
0.263305
0.252324
0.243519
0.23658
0.230617
0.223301
0.204327
0.152717
0.115896
0.106333
0.104292
0.103993
0.10396
0.103956
0.103956
0.103956
0.103956
0.103956
0.103956
0.103956
0.103956
0.103956
0.103956
0.103956
0.103956
0.103956
0.103956
0.103956
0.103956
0.103956
0.103956
0.103956
0.103956
0.103956
0.103956
0.103956
0.103956
0.103956
0.103956
0.103956
0.103956
)
;

boundaryField
{
    sides1
    {
        type            calculated;
        value           nonuniform List<scalar> 
20
(
0.103956
0.103956
0.103956
0.103956
0.103956
0.103956
0.103956
0.103956
0.103956
0.103956
0.831602
0.831602
0.831602
0.831602
0.831602
0.831602
0.831602
0.831602
0.831602
0.831602
)
;
    }
    sides2
    {
        type            calculated;
        value           nonuniform List<scalar> 
200
(
0.831602
0.831602
0.831602
0.831602
0.831602
0.831602
0.831602
0.831602
0.831602
0.831602
0.831602
0.831602
0.831602
0.831602
0.831602
0.831602
0.831602
0.831602
0.831602
0.831602
0.831602
0.831602
0.831602
0.831602
0.831602
0.831602
0.831602
0.831602
0.831602
0.831602
0.831601
0.831596
0.831573
0.83148
0.831118
0.829798
0.825324
0.812
0.783183
0.750679
0.716776
0.679236
0.639873
0.600266
0.561427
0.524068
0.488523
0.455557
0.424469
0.397776
0.372389
0.357707
0.348242
0.338184
0.326811
0.318161
0.303484
0.29049
0.276121
0.263305
0.252324
0.243519
0.23658
0.230617
0.223301
0.204327
0.152717
0.115896
0.106333
0.104292
0.103993
0.10396
0.103956
0.103956
0.103956
0.103956
0.103956
0.103956
0.103956
0.103956
0.103956
0.103956
0.103956
0.103956
0.103956
0.103956
0.103956
0.103956
0.103956
0.103956
0.103956
0.103956
0.103956
0.103956
0.103956
0.103956
0.103956
0.103956
0.103956
0.103956
0.831602
0.831602
0.831602
0.831602
0.831602
0.831602
0.831602
0.831602
0.831602
0.831602
0.831602
0.831602
0.831602
0.831602
0.831602
0.831602
0.831602
0.831602
0.831602
0.831602
0.831602
0.831602
0.831602
0.831602
0.831602
0.831602
0.831602
0.831602
0.831602
0.831602
0.831601
0.831596
0.831573
0.83148
0.831118
0.829798
0.825324
0.812
0.783183
0.750679
0.716776
0.679236
0.639873
0.600266
0.561427
0.524068
0.488523
0.455557
0.424469
0.397776
0.372389
0.357707
0.348242
0.338184
0.326811
0.318161
0.303484
0.29049
0.276121
0.263305
0.252324
0.243519
0.23658
0.230617
0.223301
0.204327
0.152717
0.115896
0.106333
0.104292
0.103993
0.10396
0.103956
0.103956
0.103956
0.103956
0.103956
0.103956
0.103956
0.103956
0.103956
0.103956
0.103956
0.103956
0.103956
0.103956
0.103956
0.103956
0.103956
0.103956
0.103956
0.103956
0.103956
0.103956
0.103956
0.103956
0.103956
0.103956
0.103956
0.103956
)
;
    }
    empty
    {
        type            empty;
    }
}


// ************************************************************************* //
