/*--------------------------------*- C++ -*----------------------------------*\
| =========                 |                                                 |
| \\      /  F ield         | OpenFOAM: The Open Source CFD Toolbox           |
|  \\    /   O peration     | Version:  3.0.0                                 |
|   \\  /    A nd           | Web:      www.OpenFOAM.org                      |
|    \\/     M anipulation  |                                                 |
\*---------------------------------------------------------------------------*/
FoamFile
{
    version     2.0;
    format      ascii;
    class       volScalarField;
    location    "0.0001";
    object      T;
}
// * * * * * * * * * * * * * * * * * * * * * * * * * * * * * * * * * * * * * //

dimensions      [0 0 0 1 0 0 0];

internalField   nonuniform List<scalar> 
1000
(
288.89
288.89
288.89
288.89
288.89
288.89
288.89
288.89
288.89
288.89
288.89
288.89
288.89
288.89
288.89
288.89
288.89
288.89
288.89
288.89
288.89
288.89
288.89
288.89
288.89
288.89
288.89
288.89
288.89
288.89
288.89
288.889
288.886
288.874
288.827
288.653
288.031
285.503
278.969
274.47
269.162
263.346
257.219
250.963
244.705
238.551
232.618
226.999
221.936
217.609
215.089
214.828
216.123
218.897
224.145
231.961
241.242
253.151
266.127
279.62
292.244
303.218
311.863
317.877
320.945
318.359
299.392
260.767
237.38
231.413
231.13
231.103
231.1
231.1
231.1
231.1
231.1
231.1
231.1
231.1
231.1
231.1
231.1
231.1
231.1
231.1
231.1
231.1
231.1
231.1
231.1
231.1
231.1
231.1
231.1
231.1
231.1
231.1
231.1
231.1
288.89
288.89
288.89
288.89
288.89
288.89
288.89
288.89
288.89
288.89
288.89
288.89
288.89
288.89
288.89
288.89
288.89
288.89
288.89
288.89
288.89
288.89
288.89
288.89
288.89
288.89
288.89
288.89
288.89
288.89
288.89
288.889
288.886
288.874
288.827
288.653
288.031
285.503
278.969
274.47
269.162
263.346
257.219
250.963
244.705
238.551
232.618
226.999
221.936
217.609
215.089
214.828
216.123
218.897
224.145
231.961
241.242
253.151
266.127
279.62
292.244
303.218
311.863
317.877
320.945
318.359
299.392
260.767
237.38
231.413
231.13
231.103
231.1
231.1
231.1
231.1
231.1
231.1
231.1
231.1
231.1
231.1
231.1
231.1
231.1
231.1
231.1
231.1
231.1
231.1
231.1
231.1
231.1
231.1
231.1
231.1
231.1
231.1
231.1
231.1
288.89
288.89
288.89
288.89
288.89
288.89
288.89
288.89
288.89
288.89
288.89
288.89
288.89
288.89
288.89
288.89
288.89
288.89
288.89
288.89
288.89
288.89
288.89
288.89
288.89
288.89
288.89
288.89
288.89
288.89
288.89
288.889
288.886
288.874
288.827
288.653
288.031
285.503
278.969
274.47
269.162
263.346
257.219
250.963
244.705
238.551
232.618
226.999
221.936
217.609
215.089
214.828
216.123
218.897
224.145
231.961
241.242
253.151
266.127
279.62
292.244
303.218
311.863
317.877
320.945
318.359
299.392
260.767
237.38
231.413
231.13
231.103
231.1
231.1
231.1
231.1
231.1
231.1
231.1
231.1
231.1
231.1
231.1
231.1
231.1
231.1
231.1
231.1
231.1
231.1
231.1
231.1
231.1
231.1
231.1
231.1
231.1
231.1
231.1
231.1
288.89
288.89
288.89
288.89
288.89
288.89
288.89
288.89
288.89
288.89
288.89
288.89
288.89
288.89
288.89
288.89
288.89
288.89
288.89
288.89
288.89
288.89
288.89
288.89
288.89
288.89
288.89
288.89
288.89
288.89
288.89
288.889
288.886
288.874
288.827
288.653
288.031
285.503
278.969
274.47
269.162
263.346
257.219
250.963
244.705
238.551
232.618
226.999
221.936
217.609
215.089
214.828
216.123
218.897
224.145
231.961
241.242
253.151
266.127
279.62
292.244
303.218
311.863
317.877
320.945
318.359
299.392
260.767
237.38
231.413
231.13
231.103
231.1
231.1
231.1
231.1
231.1
231.1
231.1
231.1
231.1
231.1
231.1
231.1
231.1
231.1
231.1
231.1
231.1
231.1
231.1
231.1
231.1
231.1
231.1
231.1
231.1
231.1
231.1
231.1
288.89
288.89
288.89
288.89
288.89
288.89
288.89
288.89
288.89
288.89
288.89
288.89
288.89
288.89
288.89
288.89
288.89
288.89
288.89
288.89
288.89
288.89
288.89
288.89
288.89
288.89
288.89
288.89
288.89
288.89
288.89
288.889
288.886
288.874
288.827
288.653
288.031
285.503
278.969
274.47
269.162
263.346
257.219
250.963
244.705
238.551
232.618
226.999
221.936
217.609
215.089
214.828
216.123
218.897
224.145
231.961
241.242
253.151
266.127
279.62
292.244
303.218
311.863
317.877
320.945
318.359
299.392
260.767
237.38
231.413
231.13
231.103
231.1
231.1
231.1
231.1
231.1
231.1
231.1
231.1
231.1
231.1
231.1
231.1
231.1
231.1
231.1
231.1
231.1
231.1
231.1
231.1
231.1
231.1
231.1
231.1
231.1
231.1
231.1
231.1
288.89
288.89
288.89
288.89
288.89
288.89
288.89
288.89
288.89
288.89
288.89
288.89
288.89
288.89
288.89
288.89
288.89
288.89
288.89
288.89
288.89
288.89
288.89
288.89
288.89
288.89
288.89
288.89
288.89
288.89
288.89
288.889
288.886
288.874
288.827
288.653
288.031
285.503
278.969
274.47
269.162
263.346
257.219
250.963
244.705
238.551
232.618
226.999
221.936
217.609
215.089
214.828
216.123
218.897
224.145
231.961
241.242
253.151
266.127
279.62
292.244
303.218
311.863
317.877
320.945
318.359
299.392
260.767
237.38
231.413
231.13
231.103
231.1
231.1
231.1
231.1
231.1
231.1
231.1
231.1
231.1
231.1
231.1
231.1
231.1
231.1
231.1
231.1
231.1
231.1
231.1
231.1
231.1
231.1
231.1
231.1
231.1
231.1
231.1
231.1
288.89
288.89
288.89
288.89
288.89
288.89
288.89
288.89
288.89
288.89
288.89
288.89
288.89
288.89
288.89
288.89
288.89
288.89
288.89
288.89
288.89
288.89
288.89
288.89
288.89
288.89
288.89
288.89
288.89
288.89
288.89
288.889
288.886
288.874
288.827
288.653
288.031
285.503
278.969
274.47
269.162
263.346
257.219
250.963
244.705
238.551
232.618
226.999
221.936
217.609
215.089
214.828
216.123
218.897
224.145
231.961
241.242
253.151
266.127
279.62
292.244
303.218
311.863
317.877
320.945
318.359
299.392
260.767
237.38
231.413
231.13
231.103
231.1
231.1
231.1
231.1
231.1
231.1
231.1
231.1
231.1
231.1
231.1
231.1
231.1
231.1
231.1
231.1
231.1
231.1
231.1
231.1
231.1
231.1
231.1
231.1
231.1
231.1
231.1
231.1
288.89
288.89
288.89
288.89
288.89
288.89
288.89
288.89
288.89
288.89
288.89
288.89
288.89
288.89
288.89
288.89
288.89
288.89
288.89
288.89
288.89
288.89
288.89
288.89
288.89
288.89
288.89
288.89
288.89
288.89
288.89
288.889
288.886
288.874
288.827
288.653
288.031
285.503
278.969
274.47
269.162
263.346
257.219
250.963
244.705
238.551
232.618
226.999
221.936
217.609
215.089
214.828
216.123
218.897
224.145
231.961
241.242
253.151
266.127
279.62
292.244
303.218
311.863
317.877
320.945
318.359
299.392
260.767
237.38
231.413
231.13
231.103
231.1
231.1
231.1
231.1
231.1
231.1
231.1
231.1
231.1
231.1
231.1
231.1
231.1
231.1
231.1
231.1
231.1
231.1
231.1
231.1
231.1
231.1
231.1
231.1
231.1
231.1
231.1
231.1
288.89
288.89
288.89
288.89
288.89
288.89
288.89
288.89
288.89
288.89
288.89
288.89
288.89
288.89
288.89
288.89
288.89
288.89
288.89
288.89
288.89
288.89
288.89
288.89
288.89
288.89
288.89
288.89
288.89
288.89
288.89
288.889
288.886
288.874
288.827
288.653
288.031
285.503
278.969
274.47
269.162
263.346
257.219
250.963
244.705
238.551
232.618
226.999
221.936
217.609
215.089
214.828
216.123
218.897
224.145
231.961
241.242
253.151
266.127
279.62
292.244
303.218
311.863
317.877
320.945
318.359
299.392
260.767
237.38
231.413
231.13
231.103
231.1
231.1
231.1
231.1
231.1
231.1
231.1
231.1
231.1
231.1
231.1
231.1
231.1
231.1
231.1
231.1
231.1
231.1
231.1
231.1
231.1
231.1
231.1
231.1
231.1
231.1
231.1
231.1
288.89
288.89
288.89
288.89
288.89
288.89
288.89
288.89
288.89
288.89
288.89
288.89
288.89
288.89
288.89
288.89
288.89
288.89
288.89
288.89
288.89
288.89
288.89
288.89
288.89
288.89
288.89
288.89
288.89
288.89
288.89
288.889
288.886
288.874
288.827
288.653
288.031
285.503
278.969
274.47
269.162
263.346
257.219
250.963
244.705
238.551
232.618
226.999
221.936
217.609
215.089
214.828
216.123
218.897
224.145
231.961
241.242
253.151
266.127
279.62
292.244
303.218
311.863
317.877
320.945
318.359
299.392
260.767
237.38
231.413
231.13
231.103
231.1
231.1
231.1
231.1
231.1
231.1
231.1
231.1
231.1
231.1
231.1
231.1
231.1
231.1
231.1
231.1
231.1
231.1
231.1
231.1
231.1
231.1
231.1
231.1
231.1
231.1
231.1
231.1
)
;

boundaryField
{
    sides1
    {
        type            zeroGradient;
    }
    sides2
    {
        type            slip;
    }
    empty
    {
        type            empty;
    }
}


// ************************************************************************* //
