/*--------------------------------*- C++ -*----------------------------------*\
| =========                 |                                                 |
| \\      /  F ield         | OpenFOAM: The Open Source CFD Toolbox           |
|  \\    /   O peration     | Version:  3.0.0                                 |
|   \\  /    A nd           | Web:      www.OpenFOAM.org                      |
|    \\/     M anipulation  |                                                 |
\*---------------------------------------------------------------------------*/
FoamFile
{
    version     2.0;
    format      ascii;
    class       volScalarField;
    location    "0.0001";
    object      thermo:psi;
}
// * * * * * * * * * * * * * * * * * * * * * * * * * * * * * * * * * * * * * //

dimensions      [0 -2 2 0 0 0 0];

internalField   nonuniform List<scalar> 
1000
(
1.20575e-05
1.20575e-05
1.20575e-05
1.20575e-05
1.20575e-05
1.20575e-05
1.20575e-05
1.20575e-05
1.20575e-05
1.20575e-05
1.20575e-05
1.20575e-05
1.20575e-05
1.20575e-05
1.20575e-05
1.20575e-05
1.20575e-05
1.20575e-05
1.20575e-05
1.20575e-05
1.20575e-05
1.20575e-05
1.20575e-05
1.20575e-05
1.20575e-05
1.20575e-05
1.20575e-05
1.20575e-05
1.20575e-05
1.20575e-05
1.20575e-05
1.20575e-05
1.20576e-05
1.20581e-05
1.20601e-05
1.20674e-05
1.20934e-05
1.22005e-05
1.24863e-05
1.26909e-05
1.29412e-05
1.3227e-05
1.3542e-05
1.38796e-05
1.42346e-05
1.46018e-05
1.49743e-05
1.53449e-05
1.5695e-05
1.6007e-05
1.61946e-05
1.62143e-05
1.61171e-05
1.59129e-05
1.55403e-05
1.50167e-05
1.4439e-05
1.37597e-05
1.30888e-05
1.24572e-05
1.19191e-05
1.14877e-05
1.11693e-05
1.09579e-05
1.08532e-05
1.09414e-05
1.16345e-05
1.33578e-05
1.46738e-05
1.50522e-05
1.50706e-05
1.50724e-05
1.50726e-05
1.50726e-05
1.50726e-05
1.50726e-05
1.50726e-05
1.50726e-05
1.50726e-05
1.50726e-05
1.50726e-05
1.50726e-05
1.50726e-05
1.50726e-05
1.50726e-05
1.50726e-05
1.50726e-05
1.50726e-05
1.50726e-05
1.50726e-05
1.50726e-05
1.50726e-05
1.50726e-05
1.50726e-05
1.50726e-05
1.50726e-05
1.50726e-05
1.50726e-05
1.50726e-05
1.50726e-05
1.20575e-05
1.20575e-05
1.20575e-05
1.20575e-05
1.20575e-05
1.20575e-05
1.20575e-05
1.20575e-05
1.20575e-05
1.20575e-05
1.20575e-05
1.20575e-05
1.20575e-05
1.20575e-05
1.20575e-05
1.20575e-05
1.20575e-05
1.20575e-05
1.20575e-05
1.20575e-05
1.20575e-05
1.20575e-05
1.20575e-05
1.20575e-05
1.20575e-05
1.20575e-05
1.20575e-05
1.20575e-05
1.20575e-05
1.20575e-05
1.20575e-05
1.20575e-05
1.20576e-05
1.20581e-05
1.20601e-05
1.20674e-05
1.20934e-05
1.22005e-05
1.24863e-05
1.26909e-05
1.29412e-05
1.3227e-05
1.3542e-05
1.38796e-05
1.42346e-05
1.46018e-05
1.49743e-05
1.53449e-05
1.5695e-05
1.6007e-05
1.61946e-05
1.62143e-05
1.61171e-05
1.59129e-05
1.55403e-05
1.50167e-05
1.4439e-05
1.37597e-05
1.30888e-05
1.24572e-05
1.19191e-05
1.14877e-05
1.11693e-05
1.09579e-05
1.08532e-05
1.09414e-05
1.16345e-05
1.33578e-05
1.46738e-05
1.50522e-05
1.50706e-05
1.50724e-05
1.50726e-05
1.50726e-05
1.50726e-05
1.50726e-05
1.50726e-05
1.50726e-05
1.50726e-05
1.50726e-05
1.50726e-05
1.50726e-05
1.50726e-05
1.50726e-05
1.50726e-05
1.50726e-05
1.50726e-05
1.50726e-05
1.50726e-05
1.50726e-05
1.50726e-05
1.50726e-05
1.50726e-05
1.50726e-05
1.50726e-05
1.50726e-05
1.50726e-05
1.50726e-05
1.50726e-05
1.50726e-05
1.20575e-05
1.20575e-05
1.20575e-05
1.20575e-05
1.20575e-05
1.20575e-05
1.20575e-05
1.20575e-05
1.20575e-05
1.20575e-05
1.20575e-05
1.20575e-05
1.20575e-05
1.20575e-05
1.20575e-05
1.20575e-05
1.20575e-05
1.20575e-05
1.20575e-05
1.20575e-05
1.20575e-05
1.20575e-05
1.20575e-05
1.20575e-05
1.20575e-05
1.20575e-05
1.20575e-05
1.20575e-05
1.20575e-05
1.20575e-05
1.20575e-05
1.20575e-05
1.20576e-05
1.20581e-05
1.20601e-05
1.20674e-05
1.20934e-05
1.22005e-05
1.24863e-05
1.26909e-05
1.29412e-05
1.3227e-05
1.3542e-05
1.38796e-05
1.42346e-05
1.46018e-05
1.49743e-05
1.53449e-05
1.5695e-05
1.6007e-05
1.61946e-05
1.62143e-05
1.61171e-05
1.59129e-05
1.55403e-05
1.50167e-05
1.4439e-05
1.37597e-05
1.30888e-05
1.24572e-05
1.19191e-05
1.14877e-05
1.11693e-05
1.09579e-05
1.08532e-05
1.09414e-05
1.16345e-05
1.33578e-05
1.46738e-05
1.50522e-05
1.50706e-05
1.50724e-05
1.50726e-05
1.50726e-05
1.50726e-05
1.50726e-05
1.50726e-05
1.50726e-05
1.50726e-05
1.50726e-05
1.50726e-05
1.50726e-05
1.50726e-05
1.50726e-05
1.50726e-05
1.50726e-05
1.50726e-05
1.50726e-05
1.50726e-05
1.50726e-05
1.50726e-05
1.50726e-05
1.50726e-05
1.50726e-05
1.50726e-05
1.50726e-05
1.50726e-05
1.50726e-05
1.50726e-05
1.50726e-05
1.20575e-05
1.20575e-05
1.20575e-05
1.20575e-05
1.20575e-05
1.20575e-05
1.20575e-05
1.20575e-05
1.20575e-05
1.20575e-05
1.20575e-05
1.20575e-05
1.20575e-05
1.20575e-05
1.20575e-05
1.20575e-05
1.20575e-05
1.20575e-05
1.20575e-05
1.20575e-05
1.20575e-05
1.20575e-05
1.20575e-05
1.20575e-05
1.20575e-05
1.20575e-05
1.20575e-05
1.20575e-05
1.20575e-05
1.20575e-05
1.20575e-05
1.20575e-05
1.20576e-05
1.20581e-05
1.20601e-05
1.20674e-05
1.20934e-05
1.22005e-05
1.24863e-05
1.26909e-05
1.29412e-05
1.3227e-05
1.3542e-05
1.38796e-05
1.42346e-05
1.46018e-05
1.49743e-05
1.53449e-05
1.5695e-05
1.6007e-05
1.61946e-05
1.62143e-05
1.61171e-05
1.59129e-05
1.55403e-05
1.50167e-05
1.4439e-05
1.37597e-05
1.30888e-05
1.24572e-05
1.19191e-05
1.14877e-05
1.11693e-05
1.09579e-05
1.08532e-05
1.09414e-05
1.16345e-05
1.33578e-05
1.46738e-05
1.50522e-05
1.50706e-05
1.50724e-05
1.50726e-05
1.50726e-05
1.50726e-05
1.50726e-05
1.50726e-05
1.50726e-05
1.50726e-05
1.50726e-05
1.50726e-05
1.50726e-05
1.50726e-05
1.50726e-05
1.50726e-05
1.50726e-05
1.50726e-05
1.50726e-05
1.50726e-05
1.50726e-05
1.50726e-05
1.50726e-05
1.50726e-05
1.50726e-05
1.50726e-05
1.50726e-05
1.50726e-05
1.50726e-05
1.50726e-05
1.50726e-05
1.20575e-05
1.20575e-05
1.20575e-05
1.20575e-05
1.20575e-05
1.20575e-05
1.20575e-05
1.20575e-05
1.20575e-05
1.20575e-05
1.20575e-05
1.20575e-05
1.20575e-05
1.20575e-05
1.20575e-05
1.20575e-05
1.20575e-05
1.20575e-05
1.20575e-05
1.20575e-05
1.20575e-05
1.20575e-05
1.20575e-05
1.20575e-05
1.20575e-05
1.20575e-05
1.20575e-05
1.20575e-05
1.20575e-05
1.20575e-05
1.20575e-05
1.20575e-05
1.20576e-05
1.20581e-05
1.20601e-05
1.20674e-05
1.20934e-05
1.22005e-05
1.24863e-05
1.26909e-05
1.29412e-05
1.3227e-05
1.3542e-05
1.38796e-05
1.42346e-05
1.46018e-05
1.49743e-05
1.53449e-05
1.5695e-05
1.6007e-05
1.61946e-05
1.62143e-05
1.61171e-05
1.59129e-05
1.55403e-05
1.50167e-05
1.4439e-05
1.37597e-05
1.30888e-05
1.24572e-05
1.19191e-05
1.14877e-05
1.11693e-05
1.09579e-05
1.08532e-05
1.09414e-05
1.16345e-05
1.33578e-05
1.46738e-05
1.50522e-05
1.50706e-05
1.50724e-05
1.50726e-05
1.50726e-05
1.50726e-05
1.50726e-05
1.50726e-05
1.50726e-05
1.50726e-05
1.50726e-05
1.50726e-05
1.50726e-05
1.50726e-05
1.50726e-05
1.50726e-05
1.50726e-05
1.50726e-05
1.50726e-05
1.50726e-05
1.50726e-05
1.50726e-05
1.50726e-05
1.50726e-05
1.50726e-05
1.50726e-05
1.50726e-05
1.50726e-05
1.50726e-05
1.50726e-05
1.50726e-05
1.20575e-05
1.20575e-05
1.20575e-05
1.20575e-05
1.20575e-05
1.20575e-05
1.20575e-05
1.20575e-05
1.20575e-05
1.20575e-05
1.20575e-05
1.20575e-05
1.20575e-05
1.20575e-05
1.20575e-05
1.20575e-05
1.20575e-05
1.20575e-05
1.20575e-05
1.20575e-05
1.20575e-05
1.20575e-05
1.20575e-05
1.20575e-05
1.20575e-05
1.20575e-05
1.20575e-05
1.20575e-05
1.20575e-05
1.20575e-05
1.20575e-05
1.20575e-05
1.20576e-05
1.20581e-05
1.20601e-05
1.20674e-05
1.20934e-05
1.22005e-05
1.24863e-05
1.26909e-05
1.29412e-05
1.3227e-05
1.3542e-05
1.38796e-05
1.42346e-05
1.46018e-05
1.49743e-05
1.53449e-05
1.5695e-05
1.6007e-05
1.61946e-05
1.62143e-05
1.61171e-05
1.59129e-05
1.55403e-05
1.50167e-05
1.4439e-05
1.37597e-05
1.30888e-05
1.24572e-05
1.19191e-05
1.14877e-05
1.11693e-05
1.09579e-05
1.08532e-05
1.09414e-05
1.16345e-05
1.33578e-05
1.46738e-05
1.50522e-05
1.50706e-05
1.50724e-05
1.50726e-05
1.50726e-05
1.50726e-05
1.50726e-05
1.50726e-05
1.50726e-05
1.50726e-05
1.50726e-05
1.50726e-05
1.50726e-05
1.50726e-05
1.50726e-05
1.50726e-05
1.50726e-05
1.50726e-05
1.50726e-05
1.50726e-05
1.50726e-05
1.50726e-05
1.50726e-05
1.50726e-05
1.50726e-05
1.50726e-05
1.50726e-05
1.50726e-05
1.50726e-05
1.50726e-05
1.50726e-05
1.20575e-05
1.20575e-05
1.20575e-05
1.20575e-05
1.20575e-05
1.20575e-05
1.20575e-05
1.20575e-05
1.20575e-05
1.20575e-05
1.20575e-05
1.20575e-05
1.20575e-05
1.20575e-05
1.20575e-05
1.20575e-05
1.20575e-05
1.20575e-05
1.20575e-05
1.20575e-05
1.20575e-05
1.20575e-05
1.20575e-05
1.20575e-05
1.20575e-05
1.20575e-05
1.20575e-05
1.20575e-05
1.20575e-05
1.20575e-05
1.20575e-05
1.20575e-05
1.20576e-05
1.20581e-05
1.20601e-05
1.20674e-05
1.20934e-05
1.22005e-05
1.24863e-05
1.26909e-05
1.29412e-05
1.3227e-05
1.3542e-05
1.38796e-05
1.42346e-05
1.46018e-05
1.49743e-05
1.53449e-05
1.5695e-05
1.6007e-05
1.61946e-05
1.62143e-05
1.61171e-05
1.59129e-05
1.55403e-05
1.50167e-05
1.4439e-05
1.37597e-05
1.30888e-05
1.24572e-05
1.19191e-05
1.14877e-05
1.11693e-05
1.09579e-05
1.08532e-05
1.09414e-05
1.16345e-05
1.33578e-05
1.46738e-05
1.50522e-05
1.50706e-05
1.50724e-05
1.50726e-05
1.50726e-05
1.50726e-05
1.50726e-05
1.50726e-05
1.50726e-05
1.50726e-05
1.50726e-05
1.50726e-05
1.50726e-05
1.50726e-05
1.50726e-05
1.50726e-05
1.50726e-05
1.50726e-05
1.50726e-05
1.50726e-05
1.50726e-05
1.50726e-05
1.50726e-05
1.50726e-05
1.50726e-05
1.50726e-05
1.50726e-05
1.50726e-05
1.50726e-05
1.50726e-05
1.50726e-05
1.20575e-05
1.20575e-05
1.20575e-05
1.20575e-05
1.20575e-05
1.20575e-05
1.20575e-05
1.20575e-05
1.20575e-05
1.20575e-05
1.20575e-05
1.20575e-05
1.20575e-05
1.20575e-05
1.20575e-05
1.20575e-05
1.20575e-05
1.20575e-05
1.20575e-05
1.20575e-05
1.20575e-05
1.20575e-05
1.20575e-05
1.20575e-05
1.20575e-05
1.20575e-05
1.20575e-05
1.20575e-05
1.20575e-05
1.20575e-05
1.20575e-05
1.20575e-05
1.20576e-05
1.20581e-05
1.20601e-05
1.20674e-05
1.20934e-05
1.22005e-05
1.24863e-05
1.26909e-05
1.29412e-05
1.3227e-05
1.3542e-05
1.38796e-05
1.42346e-05
1.46018e-05
1.49743e-05
1.53449e-05
1.5695e-05
1.6007e-05
1.61946e-05
1.62143e-05
1.61171e-05
1.59129e-05
1.55403e-05
1.50167e-05
1.4439e-05
1.37597e-05
1.30888e-05
1.24572e-05
1.19191e-05
1.14877e-05
1.11693e-05
1.09579e-05
1.08532e-05
1.09414e-05
1.16345e-05
1.33578e-05
1.46738e-05
1.50522e-05
1.50706e-05
1.50724e-05
1.50726e-05
1.50726e-05
1.50726e-05
1.50726e-05
1.50726e-05
1.50726e-05
1.50726e-05
1.50726e-05
1.50726e-05
1.50726e-05
1.50726e-05
1.50726e-05
1.50726e-05
1.50726e-05
1.50726e-05
1.50726e-05
1.50726e-05
1.50726e-05
1.50726e-05
1.50726e-05
1.50726e-05
1.50726e-05
1.50726e-05
1.50726e-05
1.50726e-05
1.50726e-05
1.50726e-05
1.50726e-05
1.20575e-05
1.20575e-05
1.20575e-05
1.20575e-05
1.20575e-05
1.20575e-05
1.20575e-05
1.20575e-05
1.20575e-05
1.20575e-05
1.20575e-05
1.20575e-05
1.20575e-05
1.20575e-05
1.20575e-05
1.20575e-05
1.20575e-05
1.20575e-05
1.20575e-05
1.20575e-05
1.20575e-05
1.20575e-05
1.20575e-05
1.20575e-05
1.20575e-05
1.20575e-05
1.20575e-05
1.20575e-05
1.20575e-05
1.20575e-05
1.20575e-05
1.20575e-05
1.20576e-05
1.20581e-05
1.20601e-05
1.20674e-05
1.20934e-05
1.22005e-05
1.24863e-05
1.26909e-05
1.29412e-05
1.3227e-05
1.3542e-05
1.38796e-05
1.42346e-05
1.46018e-05
1.49743e-05
1.53449e-05
1.5695e-05
1.6007e-05
1.61946e-05
1.62143e-05
1.61171e-05
1.59129e-05
1.55403e-05
1.50167e-05
1.4439e-05
1.37597e-05
1.30888e-05
1.24572e-05
1.19191e-05
1.14877e-05
1.11693e-05
1.09579e-05
1.08532e-05
1.09414e-05
1.16345e-05
1.33578e-05
1.46738e-05
1.50522e-05
1.50706e-05
1.50724e-05
1.50726e-05
1.50726e-05
1.50726e-05
1.50726e-05
1.50726e-05
1.50726e-05
1.50726e-05
1.50726e-05
1.50726e-05
1.50726e-05
1.50726e-05
1.50726e-05
1.50726e-05
1.50726e-05
1.50726e-05
1.50726e-05
1.50726e-05
1.50726e-05
1.50726e-05
1.50726e-05
1.50726e-05
1.50726e-05
1.50726e-05
1.50726e-05
1.50726e-05
1.50726e-05
1.50726e-05
1.50726e-05
1.20575e-05
1.20575e-05
1.20575e-05
1.20575e-05
1.20575e-05
1.20575e-05
1.20575e-05
1.20575e-05
1.20575e-05
1.20575e-05
1.20575e-05
1.20575e-05
1.20575e-05
1.20575e-05
1.20575e-05
1.20575e-05
1.20575e-05
1.20575e-05
1.20575e-05
1.20575e-05
1.20575e-05
1.20575e-05
1.20575e-05
1.20575e-05
1.20575e-05
1.20575e-05
1.20575e-05
1.20575e-05
1.20575e-05
1.20575e-05
1.20575e-05
1.20575e-05
1.20576e-05
1.20581e-05
1.20601e-05
1.20674e-05
1.20934e-05
1.22005e-05
1.24863e-05
1.26909e-05
1.29412e-05
1.3227e-05
1.3542e-05
1.38796e-05
1.42346e-05
1.46018e-05
1.49743e-05
1.53449e-05
1.5695e-05
1.6007e-05
1.61946e-05
1.62143e-05
1.61171e-05
1.59129e-05
1.55403e-05
1.50167e-05
1.4439e-05
1.37597e-05
1.30888e-05
1.24572e-05
1.19191e-05
1.14877e-05
1.11693e-05
1.09579e-05
1.08532e-05
1.09414e-05
1.16345e-05
1.33578e-05
1.46738e-05
1.50522e-05
1.50706e-05
1.50724e-05
1.50726e-05
1.50726e-05
1.50726e-05
1.50726e-05
1.50726e-05
1.50726e-05
1.50726e-05
1.50726e-05
1.50726e-05
1.50726e-05
1.50726e-05
1.50726e-05
1.50726e-05
1.50726e-05
1.50726e-05
1.50726e-05
1.50726e-05
1.50726e-05
1.50726e-05
1.50726e-05
1.50726e-05
1.50726e-05
1.50726e-05
1.50726e-05
1.50726e-05
1.50726e-05
1.50726e-05
1.50726e-05
)
;

boundaryField
{
    sides1
    {
        type            calculated;
        value           nonuniform List<scalar> 
20
(
1.50726e-05
1.50726e-05
1.50726e-05
1.50726e-05
1.50726e-05
1.50726e-05
1.50726e-05
1.50726e-05
1.50726e-05
1.50726e-05
1.20575e-05
1.20575e-05
1.20575e-05
1.20575e-05
1.20575e-05
1.20575e-05
1.20575e-05
1.20575e-05
1.20575e-05
1.20575e-05
)
;
    }
    sides2
    {
        type            calculated;
        value           nonuniform List<scalar> 
200
(
1.20575e-05
1.20575e-05
1.20575e-05
1.20575e-05
1.20575e-05
1.20575e-05
1.20575e-05
1.20575e-05
1.20575e-05
1.20575e-05
1.20575e-05
1.20575e-05
1.20575e-05
1.20575e-05
1.20575e-05
1.20575e-05
1.20575e-05
1.20575e-05
1.20575e-05
1.20575e-05
1.20575e-05
1.20575e-05
1.20575e-05
1.20575e-05
1.20575e-05
1.20575e-05
1.20575e-05
1.20575e-05
1.20575e-05
1.20575e-05
1.20575e-05
1.20575e-05
1.20576e-05
1.20581e-05
1.20601e-05
1.20674e-05
1.20934e-05
1.22005e-05
1.24863e-05
1.26909e-05
1.29412e-05
1.3227e-05
1.3542e-05
1.38796e-05
1.42346e-05
1.46018e-05
1.49743e-05
1.53449e-05
1.5695e-05
1.6007e-05
1.61946e-05
1.62143e-05
1.61171e-05
1.59129e-05
1.55403e-05
1.50167e-05
1.4439e-05
1.37597e-05
1.30888e-05
1.24572e-05
1.19191e-05
1.14877e-05
1.11693e-05
1.09579e-05
1.08532e-05
1.09414e-05
1.16345e-05
1.33578e-05
1.46738e-05
1.50522e-05
1.50706e-05
1.50724e-05
1.50726e-05
1.50726e-05
1.50726e-05
1.50726e-05
1.50726e-05
1.50726e-05
1.50726e-05
1.50726e-05
1.50726e-05
1.50726e-05
1.50726e-05
1.50726e-05
1.50726e-05
1.50726e-05
1.50726e-05
1.50726e-05
1.50726e-05
1.50726e-05
1.50726e-05
1.50726e-05
1.50726e-05
1.50726e-05
1.50726e-05
1.50726e-05
1.50726e-05
1.50726e-05
1.50726e-05
1.50726e-05
1.20575e-05
1.20575e-05
1.20575e-05
1.20575e-05
1.20575e-05
1.20575e-05
1.20575e-05
1.20575e-05
1.20575e-05
1.20575e-05
1.20575e-05
1.20575e-05
1.20575e-05
1.20575e-05
1.20575e-05
1.20575e-05
1.20575e-05
1.20575e-05
1.20575e-05
1.20575e-05
1.20575e-05
1.20575e-05
1.20575e-05
1.20575e-05
1.20575e-05
1.20575e-05
1.20575e-05
1.20575e-05
1.20575e-05
1.20575e-05
1.20575e-05
1.20575e-05
1.20576e-05
1.20581e-05
1.20601e-05
1.20674e-05
1.20934e-05
1.22005e-05
1.24863e-05
1.26909e-05
1.29412e-05
1.3227e-05
1.3542e-05
1.38796e-05
1.42346e-05
1.46018e-05
1.49743e-05
1.53449e-05
1.5695e-05
1.6007e-05
1.61946e-05
1.62143e-05
1.61171e-05
1.59129e-05
1.55403e-05
1.50167e-05
1.4439e-05
1.37597e-05
1.30888e-05
1.24572e-05
1.19191e-05
1.14877e-05
1.11693e-05
1.09579e-05
1.08532e-05
1.09414e-05
1.16345e-05
1.33578e-05
1.46738e-05
1.50522e-05
1.50706e-05
1.50724e-05
1.50726e-05
1.50726e-05
1.50726e-05
1.50726e-05
1.50726e-05
1.50726e-05
1.50726e-05
1.50726e-05
1.50726e-05
1.50726e-05
1.50726e-05
1.50726e-05
1.50726e-05
1.50726e-05
1.50726e-05
1.50726e-05
1.50726e-05
1.50726e-05
1.50726e-05
1.50726e-05
1.50726e-05
1.50726e-05
1.50726e-05
1.50726e-05
1.50726e-05
1.50726e-05
1.50726e-05
1.50726e-05
)
;
    }
    empty
    {
        type            empty;
    }
}


// ************************************************************************* //
